0.03,-1.00,5.00,-1.00,4.00
0.06,-1.00,5.00,-1.00,4.00
0.09,-0.99,5.00,-0.99,4.00
0.12,-0.99,5.00,-0.99,4.00
0.16,-0.99,5.00,-0.99,4.00
0.19,-0.98,5.00,-0.98,4.00
0.22,-0.98,5.00,-0.98,4.00
0.25,-0.98,5.00,-0.98,4.00
0.28,-0.97,5.00,-0.97,4.00
0.31,-0.97,5.00,-0.97,4.00
0.34,-0.97,5.00,-0.97,4.00
0.38,-0.97,5.00,-0.97,4.00
0.41,-0.96,5.00,-0.96,4.00
0.44,-0.96,5.00,-0.96,4.00
0.47,-0.96,5.00,-0.96,4.00
0.50,-0.95,5.00,-0.95,4.00
0.53,-0.95,5.00,-0.95,4.00
0.56,-0.95,5.00,-0.95,4.00
0.59,-0.94,5.00,-0.94,4.00
0.62,-0.94,5.00,-0.94,4.00
0.66,-0.94,5.00,-0.94,4.00
0.69,-0.93,5.00,-0.93,4.00
0.72,-0.93,5.00,-0.93,4.00
0.75,-0.93,5.00,-0.93,4.00
0.78,-0.92,5.00,-0.92,4.00
0.81,-0.92,5.00,-0.92,4.00
0.84,-0.92,5.00,-0.92,4.00
0.88,-0.92,5.00,-0.92,4.00
0.91,-0.91,5.00,-0.91,4.00
0.94,-0.91,5.00,-0.91,4.00
0.97,-0.91,5.00,-0.91,4.00
1.00,-0.90,5.00,-0.90,4.00
1.03,-0.90,5.00,-0.90,4.00
1.06,-0.90,5.00,-0.90,4.00
1.09,-0.89,5.00,-0.89,4.00
1.12,-0.89,5.00,-0.89,4.00
1.16,-0.89,5.00,-0.89,4.00
1.19,-0.88,5.00,-0.88,4.00
1.22,-0.88,5.00,-0.88,4.00
1.25,-0.88,5.00,-0.88,4.00
1.28,-0.87,5.00,-0.87,4.00
1.31,-0.87,5.00,-0.87,4.00
1.34,-0.87,5.00,-0.87,4.00
1.38,-0.87,5.00,-0.87,4.00
1.41,-0.86,5.00,-0.86,4.00
1.44,-0.86,5.00,-0.86,4.00
1.47,-0.86,5.00,-0.86,4.00
1.50,-0.85,5.00,-0.85,4.00
1.53,-0.85,5.00,-0.85,4.00
1.56,-0.85,5.00,-0.85,4.00
1.59,-0.84,5.00,-0.84,4.00
1.62,-0.84,5.00,-0.84,4.00
1.66,-0.84,5.00,-0.84,4.00
1.69,-0.83,5.00,-0.83,4.00
1.72,-0.83,5.00,-0.83,4.00
1.75,-0.83,5.00,-0.83,4.00
1.78,-0.82,5.00,-0.82,4.00
1.81,-0.82,5.00,-0.82,4.00
1.84,-0.82,5.00,-0.82,4.00
1.88,-0.82,5.00,-0.82,4.00
1.91,-0.81,5.00,-0.81,4.00
1.94,-0.81,5.00,-0.81,4.00
1.97,-0.81,5.00,-0.81,4.00
2.00,-0.80,5.00,-0.80,4.00
2.03,-0.80,5.00,-0.80,4.00
2.06,-0.80,5.00,-0.80,4.00
2.09,-0.79,5.00,-0.79,4.00
2.12,-0.79,5.00,-0.79,4.00
2.16,-0.79,5.00,-0.79,4.00
2.19,-0.78,5.00,-0.78,4.00
2.22,-0.78,5.00,-0.78,4.00
2.25,-0.78,5.00,-0.78,4.00
2.28,-0.77,5.00,-0.77,4.00
2.31,-0.77,5.00,-0.77,4.00
2.34,-0.77,5.00,-0.77,4.00
2.38,-0.77,5.00,-0.77,4.00
2.41,-0.76,5.00,-0.76,4.00
2.44,-0.76,5.00,-0.76,4.00
2.47,-0.76,5.00,-0.76,4.00
2.50,-0.75,5.00,-0.75,4.00
2.53,-0.75,5.00,-0.75,4.00
2.56,-0.75,5.00,-0.75,4.00
2.59,-0.74,5.00,-0.74,4.00
2.62,-0.74,5.00,-0.74,4.00
2.66,-0.74,5.00,-0.74,4.00
2.69,-0.73,5.00,-0.73,4.00
2.72,-0.73,5.00,-0.73,4.00
2.75,-0.73,5.00,-0.73,4.00
2.78,-0.72,5.00,-0.72,4.00
2.81,-0.72,5.00,-0.72,4.00
2.84,-0.72,5.00,-0.72,4.00
2.88,-0.72,5.00,-0.72,4.00
2.91,-0.71,5.00,-0.71,4.00
2.94,-0.71,5.00,-0.71,4.00
2.97,-0.71,5.00,-0.71,4.00
3.00,-0.70,5.00,-0.70,4.00
3.03,-0.70,5.00,-0.70,4.00
3.06,-0.70,5.00,-0.70,4.00
3.09,-0.69,5.00,-0.69,4.00
3.12,-0.69,5.00,-0.69,4.00
3.16,-0.69,5.00,-0.69,4.00
3.19,-0.68,5.00,-0.68,4.00
3.22,-0.68,5.00,-0.68,4.00
3.25,-0.68,5.00,-0.68,4.00
3.28,-0.67,5.00,-0.67,4.00
3.31,-0.67,5.00,-0.67,4.00
3.34,-0.67,5.00,-0.67,4.00
3.38,-0.67,5.00,-0.67,4.00
3.41,-0.66,5.00,-0.66,4.00
3.44,-0.66,5.00,-0.66,4.00
3.47,-0.66,5.00,-0.66,4.00
3.50,-0.65,5.00,-0.65,4.00
3.53,-0.65,5.00,-0.65,4.00
3.56,-0.65,5.00,-0.65,4.00
3.59,-0.64,5.00,-0.64,4.00
3.62,-0.64,5.00,-0.64,4.00
3.66,-0.64,5.00,-0.64,4.00
3.69,-0.63,5.00,-0.63,4.00
3.72,-0.63,5.00,-0.63,4.00
3.75,-0.63,5.00,-0.63,4.00
3.78,-0.62,5.00,-0.62,4.00
3.81,-0.62,5.00,-0.62,4.00
3.84,-0.62,5.00,-0.62,4.00
3.88,-0.62,5.00,-0.62,4.00
3.91,-0.61,5.00,-0.61,4.00
3.94,-0.61,5.00,-0.61,4.00
3.97,-0.61,5.00,-0.61,4.00
4.00,-0.60,5.00,-0.60,4.00
4.03,-0.60,5.00,-0.60,4.00
4.06,-0.60,5.00,-0.60,4.00
4.09,-0.59,5.00,-0.59,4.00
4.12,-0.59,5.00,-0.59,4.00
4.16,-0.59,5.00,-0.59,4.00
4.19,-0.58,5.00,-0.58,4.00
4.22,-0.58,5.00,-0.58,4.00
4.25,-0.58,5.00,-0.58,4.00
4.28,-0.57,5.00,-0.57,4.00
4.31,-0.57,5.00,-0.57,4.00
4.34,-0.57,5.00,-0.57,4.00
4.38,-0.57,5.00,-0.57,4.00
4.41,-0.56,5.00,-0.56,4.00
4.44,-0.56,5.00,-0.56,4.00
4.47,-0.56,5.00,-0.56,4.00
4.50,-0.55,5.00,-0.55,4.00
4.53,-0.55,5.00,-0.55,4.00
4.56,-0.55,5.00,-0.55,4.00
4.59,-0.54,5.00,-0.54,4.00
4.62,-0.54,5.00,-0.54,4.00
4.66,-0.54,5.00,-0.54,4.00
4.69,-0.53,5.00,-0.53,4.00
4.72,-0.53,5.00,-0.53,4.00
4.75,-0.53,5.00,-0.53,4.00
4.78,-0.52,5.00,-0.52,4.00
4.81,-0.52,5.00,-0.52,4.00
4.84,-0.52,5.00,-0.52,4.00
4.88,-0.52,5.00,-0.52,4.00
4.91,-0.51,5.00,-0.51,4.00
4.94,-0.51,5.00,-0.51,4.00
4.97,-0.51,5.00,-0.51,4.00
5.00,-0.50,5.00,-0.50,4.00
5.03,-0.50,5.00,-0.50,4.00
5.06,-0.50,5.00,-0.50,4.00
5.09,-0.49,5.00,-0.49,4.00
5.12,-0.49,5.00,-0.49,4.00
5.16,-0.49,5.00,-0.49,4.00
5.19,-0.48,5.00,-0.48,4.00
5.22,-0.48,5.00,-0.48,4.00
5.25,-0.48,5.00,-0.48,4.00
5.28,-0.47,5.00,-0.47,4.00
5.31,-0.47,5.00,-0.47,4.00
5.34,-0.47,5.00,-0.47,4.00
5.38,-0.47,5.00,-0.47,4.00
5.41,-0.46,5.00,-0.46,4.00
5.44,-0.46,5.00,-0.46,4.00
5.47,-0.46,5.00,-0.46,4.00
5.50,-0.45,5.00,-0.45,4.00
5.53,-0.45,5.00,-0.45,4.00
5.56,-0.45,5.00,-0.45,4.00
5.59,-0.44,5.00,-0.44,4.00
5.62,-0.44,5.00,-0.44,4.00
5.66,-0.44,5.00,-0.44,4.00
5.69,-0.43,5.00,-0.43,4.00
5.72,-0.43,5.00,-0.43,4.00
5.75,-0.43,5.00,-0.43,4.00
5.78,-0.42,5.00,-0.42,4.00
5.81,-0.42,5.00,-0.42,4.00
5.84,-0.42,5.00,-0.42,4.00
5.88,-0.42,5.00,-0.42,4.00
5.91,-0.41,5.00,-0.41,4.00
5.94,-0.41,5.00,-0.41,4.00
5.97,-0.41,5.00,-0.41,4.00
6.00,-0.40,5.00,-0.40,4.00
6.03,-0.40,5.00,-0.40,4.00
6.06,-0.40,5.00,-0.40,4.00
6.09,-0.39,5.00,-0.39,4.00
6.12,-0.39,5.00,-0.39,4.00
6.16,-0.39,5.00,-0.39,4.00
6.19,-0.38,5.00,-0.38,4.00
6.22,-0.38,5.00,-0.38,4.00
6.25,-0.38,5.00,-0.38,4.00
6.28,-0.37,5.00,-0.37,4.00
6.31,-0.37,5.00,-0.37,4.00
6.34,-0.37,5.00,-0.37,4.00
6.38,-0.37,5.00,-0.37,4.00
6.41,-0.36,5.00,-0.36,4.00
6.44,-0.36,5.00,-0.36,4.00
6.47,-0.36,5.00,-0.36,4.00
6.50,-0.35,5.00,-0.35,4.00
6.53,-0.35,5.00,-0.35,4.00
6.56,-0.35,5.00,-0.35,4.00
6.59,-0.34,5.00,-0.34,4.00
6.62,-0.34,5.00,-0.34,4.00
6.66,-0.34,5.00,-0.34,4.00
6.69,-0.33,5.00,-0.33,4.00
6.72,-0.33,5.00,-0.33,4.00
6.75,-0.33,5.00,-0.33,4.00
6.78,-0.32,5.00,-0.32,4.00
6.81,-0.32,5.00,-0.32,4.00
6.84,-0.32,5.00,-0.32,4.00
6.88,-0.32,5.00,-0.32,4.00
6.91,-0.31,5.00,-0.31,4.00
6.94,-0.31,5.00,-0.31,4.00
6.97,-0.31,5.00,-0.31,4.00
7.00,-0.30,5.00,-0.30,4.00
7.03,-0.30,5.00,-0.30,4.00
7.06,-0.30,5.00,-0.30,4.00
7.09,-0.29,5.00,-0.29,4.00
7.12,-0.29,5.00,-0.29,4.00
7.16,-0.29,5.00,-0.29,4.00
7.19,-0.28,5.00,-0.28,4.00
7.22,-0.28,5.00,-0.28,4.00
7.25,-0.28,5.00,-0.28,4.00
7.28,-0.27,5.00,-0.27,4.00
7.31,-0.27,5.00,-0.27,4.00
7.34,-0.27,5.00,-0.27,4.00
7.38,-0.27,5.00,-0.27,4.00
7.41,-0.26,5.00,-0.26,4.00
7.44,-0.26,5.00,-0.26,4.00
7.47,-0.26,5.00,-0.26,4.00
7.50,-0.25,5.00,-0.25,4.00
7.53,-0.25,5.00,-0.25,4.00
7.56,-0.25,5.00,-0.25,4.00
7.59,-0.24,5.00,-0.24,4.00
7.62,-0.24,5.00,-0.24,4.00
7.66,-0.24,5.00,-0.24,4.00
7.69,-0.23,5.00,-0.23,4.00
7.72,-0.23,5.00,-0.23,4.00
7.75,-0.23,5.00,-0.23,4.00
7.78,-0.22,5.00,-0.22,4.00
7.81,-0.22,5.00,-0.22,4.00
7.84,-0.22,5.00,-0.22,4.00
7.88,-0.22,5.00,-0.22,4.00
7.91,-0.21,5.00,-0.21,4.00
7.94,-0.21,5.00,-0.21,4.00
7.97,-0.21,5.00,-0.21,4.00
8.00,-0.20,5.00,-0.20,4.00
8.03,-0.20,5.00,-0.20,4.00
8.06,-0.20,5.00,-0.20,4.00
8.09,-0.19,5.00,-0.19,4.00
8.12,-0.19,5.00,-0.19,4.00
8.16,-0.19,5.00,-0.19,4.00
8.19,-0.18,5.00,-0.18,4.00
8.22,-0.18,5.00,-0.18,4.00
8.25,-0.18,5.00,-0.18,4.00
8.28,-0.17,5.00,-0.17,4.00
8.31,-0.17,5.00,-0.17,4.00
8.34,-0.17,5.00,-0.17,4.00
8.38,-0.17,5.00,-0.17,4.00
8.41,-0.16,5.00,-0.16,4.00
8.44,-0.16,5.00,-0.16,4.00
8.47,-0.16,5.00,-0.16,4.00
8.50,-0.15,5.00,-0.15,4.00
8.53,-0.15,5.00,-0.15,4.00
8.56,-0.15,5.00,-0.15,4.00
8.59,-0.14,5.00,-0.14,4.00
8.62,-0.14,5.00,-0.14,4.00
8.66,-0.14,5.00,-0.14,4.00
8.69,-0.13,5.00,-0.13,4.00
8.72,-0.13,5.00,-0.13,4.00
8.75,-0.13,5.00,-0.13,4.00
8.78,-0.12,5.00,-0.12,4.00
8.81,-0.12,5.00,-0.12,4.00
8.84,-0.12,5.00,-0.12,4.00
8.88,-0.12,5.00,-0.12,4.00
8.91,-0.11,5.00,-0.11,4.00
8.94,-0.11,5.00,-0.11,4.00
8.97,-0.11,5.00,-0.11,4.00
9.00,-0.10,5.00,-0.10,4.00
9.03,-0.10,5.00,-0.10,4.00
9.06,-0.10,5.00,-0.10,4.00
9.09,-0.09,5.00,-0.09,4.00
9.12,-0.09,5.00,-0.09,4.00
9.16,-0.09,5.00,-0.09,4.00
9.19,-0.08,5.00,-0.08,4.00
9.22,-0.08,5.00,-0.08,4.00
9.25,-0.08,5.00,-0.08,4.00
9.28,-0.07,5.00,-0.07,4.00
9.31,-0.07,5.00,-0.07,4.00
9.34,-0.07,5.00,-0.07,4.00
9.38,-0.07,5.00,-0.07,4.00
9.41,-0.06,5.00,-0.06,4.00
9.44,-0.06,5.00,-0.06,4.00
9.47,-0.06,5.00,-0.06,4.00
9.50,-0.05,5.00,-0.05,4.00
9.53,-0.05,5.00,-0.05,4.00
9.56,-0.05,5.00,-0.05,4.00
9.59,-0.04,5.00,-0.04,4.00
9.62,-0.04,5.00,-0.04,4.00
9.66,-0.04,5.00,-0.04,4.00
9.69,-0.03,5.00,-0.03,4.00
9.72,-0.03,5.00,-0.03,4.00
9.75,-0.03,5.00,-0.03,4.00
9.78,-0.02,5.00,-0.02,4.00
9.81,-0.02,5.00,-0.02,4.00
9.84,-0.02,5.00,-0.02,4.00
9.88,-0.02,5.00,-0.02,4.00
9.91,-0.01,5.00,-0.01,4.00
9.94,-0.01,5.00,-0.01,4.00
9.97,-0.01,5.00,-0.01,4.00
10.00,-0.00,5.00,-0.00,4.00
10.03,0.00,5.00,0.00,4.00
10.06,0.00,5.00,0.00,4.00
10.09,0.01,5.00,0.01,4.00
10.12,0.01,5.00,0.01,4.00
10.16,0.01,5.00,0.01,4.00
10.19,0.02,5.00,0.02,4.00
10.22,0.02,5.00,0.02,4.00
10.25,0.02,5.00,0.02,4.00
10.28,0.03,5.00,0.03,4.00
10.31,0.03,5.00,0.03,4.00
10.34,0.03,5.00,0.03,4.00
10.38,0.03,5.00,0.03,4.00
10.41,0.04,5.00,0.04,4.00
10.44,0.04,5.00,0.04,4.00
10.47,0.04,5.00,0.04,4.00
10.50,0.05,5.00,0.05,4.00
10.53,0.05,5.00,0.05,4.00
10.56,0.05,5.00,0.05,4.00
10.59,0.06,5.00,0.06,4.00
10.62,0.06,5.00,0.06,4.00
10.66,0.06,5.00,0.06,4.00
10.69,0.07,5.00,0.07,4.00
10.72,0.07,5.00,0.07,4.00
10.75,0.07,5.00,0.07,4.00
10.78,0.08,5.00,0.08,4.00
10.81,0.08,5.00,0.08,4.00
10.84,0.08,5.00,0.08,4.00
10.88,0.08,5.00,0.08,4.00
10.91,0.09,5.00,0.09,4.00
10.94,0.09,5.00,0.09,4.00
10.97,0.09,5.00,0.09,4.00
11.00,0.10,5.00,0.10,4.00
11.03,0.10,5.00,0.10,4.00
11.06,0.10,5.00,0.10,4.00
11.09,0.11,5.00,0.11,4.00
11.12,0.11,5.00,0.11,4.00
11.16,0.11,5.00,0.11,4.00
11.19,0.12,5.00,0.12,4.00
11.22,0.12,5.00,0.12,4.00
11.25,0.12,5.00,0.12,4.00
11.28,0.13,5.00,0.13,4.00
11.31,0.13,5.00,0.13,4.00
11.34,0.13,5.00,0.13,4.00
11.38,0.13,5.00,0.13,4.00
11.41,0.14,5.00,0.14,4.00
11.44,0.14,5.00,0.14,4.00
11.47,0.14,5.00,0.14,4.00
11.50,0.15,5.00,0.15,4.00
11.53,0.15,5.00,0.15,4.00
11.56,0.15,5.00,0.15,4.00
11.59,0.16,5.00,0.16,4.00
11.62,0.16,5.00,0.16,4.00
11.66,0.16,5.00,0.16,4.00
11.69,0.17,5.00,0.17,4.00
11.72,0.17,5.00,0.17,4.00
11.75,0.17,5.00,0.17,4.00
11.78,0.18,5.00,0.18,4.00
11.81,0.18,5.00,0.18,4.00
11.84,0.18,5.00,0.18,4.00
11.88,0.18,5.00,0.18,4.00
11.91,0.19,5.00,0.19,4.00
11.94,0.19,5.00,0.19,4.00
11.97,0.19,5.00,0.19,4.00
12.00,0.20,5.00,0.20,4.00
12.03,0.20,5.00,0.20,4.00
12.06,0.20,5.00,0.20,4.00
12.09,0.21,5.00,0.21,4.00
12.12,0.21,5.00,0.21,4.00
12.16,0.21,5.00,0.21,4.00
12.19,0.22,5.00,0.22,4.00
12.22,0.22,5.00,0.22,4.00
12.25,0.22,5.00,0.22,4.00
12.28,0.23,5.00,0.23,4.00
12.31,0.23,5.00,0.23,4.00
12.34,0.23,5.00,0.23,4.00
12.38,0.23,5.00,0.23,4.00
12.41,0.24,5.00,0.24,4.00
12.44,0.24,5.00,0.24,4.00
12.47,0.24,5.00,0.24,4.00
12.50,0.25,5.00,0.25,4.00
12.53,0.25,5.00,0.25,4.00
12.56,0.25,5.00,0.25,4.00
12.59,0.26,5.00,0.26,4.00
12.62,0.26,5.00,0.26,4.00
12.66,0.26,5.00,0.26,4.00
12.69,0.27,5.00,0.27,4.00
12.72,0.27,5.00,0.27,4.00
12.75,0.27,5.00,0.27,4.00
12.78,0.28,5.00,0.28,4.00
12.81,0.28,5.00,0.28,4.00
12.84,0.28,5.00,0.28,4.00
12.88,0.28,5.00,0.28,4.00
12.91,0.29,5.00,0.29,4.00
12.94,0.29,5.00,0.29,4.00
12.97,0.29,5.00,0.29,4.00
13.00,0.30,5.00,0.30,4.00
13.03,0.30,5.00,0.30,4.00
13.06,0.30,5.00,0.30,4.00
13.09,0.31,5.00,0.31,4.00
13.12,0.31,5.00,0.31,4.00
13.16,0.31,5.00,0.31,4.00
13.19,0.32,5.00,0.32,4.00
13.22,0.32,5.00,0.32,4.00
13.25,0.32,5.00,0.32,4.00
13.28,0.33,5.00,0.33,4.00
13.31,0.33,5.00,0.33,4.00
13.34,0.33,5.00,0.33,4.00
13.38,0.33,5.00,0.33,4.00
13.41,0.34,5.00,0.34,4.00
13.44,0.34,5.00,0.34,4.00
13.47,0.34,5.00,0.34,4.00
13.50,0.35,5.00,0.35,4.00
13.53,0.35,5.00,0.35,4.00
13.56,0.35,5.00,0.35,4.00
13.59,0.36,5.00,0.36,4.00
13.62,0.36,5.00,0.36,4.00
13.66,0.36,5.00,0.36,4.00
13.69,0.37,5.00,0.37,4.00
13.72,0.37,5.00,0.37,4.00
13.75,0.37,5.00,0.37,4.00
13.78,0.38,5.00,0.38,4.00
13.81,0.38,5.00,0.38,4.00
13.84,0.38,5.00,0.38,4.00
13.88,0.38,5.00,0.38,4.00
13.91,0.39,5.00,0.39,4.00
13.94,0.39,5.00,0.39,4.00
13.97,0.39,5.00,0.39,4.00
14.00,0.40,5.00,0.40,4.00
14.03,0.40,5.00,0.40,4.00
14.06,0.40,5.00,0.40,4.00
14.09,0.41,5.00,0.41,4.00
14.12,0.41,5.00,0.41,4.00
14.16,0.41,5.00,0.41,4.00
14.19,0.42,5.00,0.42,4.00
14.22,0.42,5.00,0.42,4.00
14.25,0.42,5.00,0.42,4.00
14.28,0.43,5.00,0.43,4.00
14.31,0.43,5.00,0.43,4.00
14.34,0.43,5.00,0.43,4.00
14.38,0.43,5.00,0.43,4.00
14.41,0.44,5.00,0.44,4.00
14.44,0.44,5.00,0.44,4.00
14.47,0.44,5.00,0.44,4.00
14.50,0.45,5.00,0.45,4.00
14.53,0.45,5.00,0.45,4.00
14.56,0.45,5.00,0.45,4.00
14.59,0.46,5.00,0.46,4.00
14.62,0.46,5.00,0.46,4.00
14.66,0.46,5.00,0.46,4.00
14.69,0.47,5.00,0.47,4.00
14.72,0.47,5.00,0.47,4.00
14.75,0.47,5.00,0.47,4.00
14.78,0.48,5.00,0.48,4.00
14.81,0.48,5.00,0.48,4.00
14.84,0.48,5.00,0.48,4.00
14.88,0.48,5.00,0.48,4.00
14.91,0.49,5.00,0.49,4.00
14.94,0.49,5.00,0.49,4.00
14.97,0.49,5.00,0.49,4.00
15.00,0.50,5.00,0.50,4.00
15.03,0.50,5.00,0.50,4.00
15.06,0.50,5.00,0.50,4.00
15.09,0.51,5.00,0.51,4.00
15.12,0.51,5.00,0.51,4.00
15.16,0.51,5.00,0.51,4.00
15.19,0.52,5.00,0.52,4.00
15.22,0.52,5.00,0.52,4.00
15.25,0.52,5.00,0.52,4.00
15.28,0.53,5.00,0.53,4.00
15.31,0.53,5.00,0.53,4.00
15.34,0.53,5.00,0.53,4.00
15.38,0.53,5.00,0.53,4.00
15.41,0.54,5.00,0.54,4.00
15.44,0.54,5.00,0.54,4.00
15.47,0.54,5.00,0.54,4.00
15.50,0.55,5.00,0.55,4.00
15.53,0.55,5.00,0.55,4.00
15.56,0.55,5.00,0.55,4.00
15.59,0.56,5.00,0.56,4.00
15.62,0.56,5.00,0.56,4.00
15.66,0.56,5.00,0.56,4.00
15.69,0.57,5.00,0.57,4.00
15.72,0.57,5.00,0.57,4.00
15.75,0.57,5.00,0.57,4.00
15.78,0.58,5.00,0.58,4.00
15.81,0.58,5.00,0.58,4.00
15.84,0.58,5.00,0.58,4.00
15.88,0.58,5.00,0.58,4.00
15.91,0.59,5.00,0.59,4.00
15.94,0.59,5.00,0.59,4.00
15.97,0.59,5.00,0.59,4.00
16.00,0.60,5.00,0.60,4.00
16.03,0.60,5.00,0.60,4.00
16.06,0.60,5.00,0.60,4.00
16.09,0.61,5.00,0.61,4.00
16.12,0.61,5.00,0.61,4.00
16.16,0.61,5.00,0.61,4.00
16.19,0.62,5.00,0.62,4.00
16.22,0.62,5.00,0.62,4.00
16.25,0.62,5.00,0.62,4.00
16.28,0.63,5.00,0.63,4.00
16.31,0.63,5.00,0.63,4.00
16.34,0.63,5.00,0.63,4.00
16.38,0.63,5.00,0.63,4.00
16.41,0.64,5.00,0.64,4.00
16.44,0.64,5.00,0.64,4.00
16.47,0.64,5.00,0.64,4.00
16.50,0.65,5.00,0.65,4.00
16.53,0.65,5.00,0.65,4.00
16.56,0.65,5.00,0.65,4.00
16.59,0.66,5.00,0.66,4.00
16.62,0.66,5.00,0.66,4.00
16.66,0.66,5.00,0.66,4.00
16.69,0.67,5.00,0.67,4.00
16.72,0.67,5.00,0.67,4.00
16.75,0.67,5.00,0.67,4.00
16.78,0.68,5.00,0.68,4.00
16.81,0.68,5.00,0.68,4.00
16.84,0.68,5.00,0.68,4.00
16.88,0.68,5.00,0.68,4.00
16.91,0.69,5.00,0.69,4.00
16.94,0.69,5.00,0.69,4.00
16.97,0.69,5.00,0.69,4.00
17.00,0.70,5.00,0.70,4.00
17.03,0.70,5.00,0.70,4.00
17.06,0.70,5.00,0.70,4.00
17.09,0.71,5.00,0.71,4.00
17.12,0.71,5.00,0.71,4.00
17.16,0.71,5.00,0.71,4.00
17.19,0.72,5.00,0.72,4.00
17.22,0.72,5.00,0.72,4.00
17.25,0.72,5.00,0.72,4.00
17.28,0.73,5.00,0.73,4.00
17.31,0.73,5.00,0.73,4.00
17.34,0.73,5.00,0.73,4.00
17.38,0.73,5.00,0.73,4.00
17.41,0.74,5.00,0.74,4.00
17.44,0.74,5.00,0.74,4.00
17.47,0.74,5.00,0.74,4.00
17.50,0.75,5.00,0.75,4.00
17.53,0.75,5.00,0.75,4.00
17.56,0.75,5.00,0.75,4.00
17.59,0.76,5.00,0.76,4.00
17.62,0.76,5.00,0.76,4.00
17.66,0.76,5.00,0.76,4.00
17.69,0.77,5.00,0.77,4.00
17.72,0.77,5.00,0.77,4.00
17.75,0.77,5.00,0.77,4.00
17.78,0.78,5.00,0.78,4.00
17.81,0.78,5.00,0.78,4.00
17.84,0.78,5.00,0.78,4.00
17.88,0.78,5.00,0.78,4.00
17.91,0.79,5.00,0.79,4.00
17.94,0.79,5.00,0.79,4.00
17.97,0.79,5.00,0.79,4.00
18.00,0.80,5.00,0.80,4.00
18.03,0.80,5.00,0.80,4.00
18.06,0.80,5.00,0.80,4.00
18.09,0.81,5.00,0.81,4.00
18.12,0.81,5.00,0.81,4.00
18.16,0.81,5.00,0.81,4.00
18.19,0.82,5.00,0.82,4.00
18.22,0.82,5.00,0.82,4.00
18.25,0.82,5.00,0.82,4.00
18.28,0.83,5.00,0.83,4.00
18.31,0.83,5.00,0.83,4.00
18.34,0.83,5.00,0.83,4.00
18.38,0.83,5.00,0.83,4.00
18.41,0.84,5.00,0.84,4.00
18.44,0.84,5.00,0.84,4.00
18.47,0.84,5.00,0.84,4.00
18.50,0.85,5.00,0.85,4.00
18.53,0.85,5.00,0.85,4.00
18.56,0.85,5.00,0.85,4.00
18.59,0.86,5.00,0.86,4.00
18.62,0.86,5.00,0.86,4.00
18.66,0.86,5.00,0.86,4.00
18.69,0.87,5.00,0.87,4.00
18.72,0.87,5.00,0.87,4.00
18.75,0.87,5.00,0.87,4.00
18.78,0.88,5.00,0.88,4.00
18.81,0.88,5.00,0.88,4.00
18.84,0.88,5.00,0.88,4.00
18.88,0.88,5.00,0.88,4.00
18.91,0.89,5.00,0.89,4.00
18.94,0.89,5.00,0.89,4.00
18.97,0.89,5.00,0.89,4.00
19.00,0.90,5.00,0.90,4.00
19.03,0.90,5.00,0.90,4.00
19.06,0.90,5.00,0.90,4.00
19.09,0.91,5.00,0.91,4.00
19.12,0.91,5.00,0.91,4.00
19.16,0.91,5.00,0.91,4.00
19.19,0.92,5.00,0.92,4.00
19.22,0.92,5.00,0.92,4.00
19.25,0.92,5.00,0.92,4.00
19.28,0.93,5.00,0.93,4.00
19.31,0.93,5.00,0.93,4.00
19.34,0.93,5.00,0.93,4.00
19.38,0.93,5.00,0.93,4.00
19.41,0.94,5.00,0.94,4.00
19.44,0.94,5.00,0.94,4.00
19.47,0.94,5.00,0.94,4.00
19.50,0.95,5.00,0.95,4.00
19.53,0.95,5.00,0.95,4.00
19.56,0.95,5.00,0.95,4.00
19.59,0.96,5.00,0.96,4.00
19.62,0.96,5.00,0.96,4.00
19.66,0.96,5.00,0.96,4.00
19.69,0.97,5.00,0.97,4.00
19.72,0.97,5.00,0.97,4.00
19.75,0.97,5.00,0.97,4.00
19.78,0.98,5.00,0.98,4.00
19.81,0.98,5.00,0.98,4.00
19.84,0.98,5.00,0.98,4.00
19.88,0.98,5.00,0.98,4.00
19.91,0.99,5.00,0.99,4.00
19.94,0.99,5.00,0.99,4.00
19.97,0.99,5.00,0.99,4.00
20.00,1.00,5.00,1.00,4.00
20.03,1.00,5.00,1.00,4.00
20.06,1.00,5.00,1.00,4.00
20.09,1.01,5.00,1.01,4.00
20.12,1.01,5.00,1.01,4.00
20.16,1.01,5.00,1.01,4.00
20.19,1.02,5.00,1.02,4.00
20.22,1.02,5.00,1.02,4.00
20.25,1.02,5.00,1.02,4.00
20.28,1.03,5.00,1.03,4.00
20.31,1.03,5.00,1.03,4.00
20.34,1.03,5.00,1.03,4.00
20.38,1.03,5.00,1.03,4.00
20.41,1.04,5.00,1.04,4.00
20.44,1.04,5.00,1.04,4.00
20.47,1.04,5.00,1.04,4.00
20.50,1.05,5.00,1.05,4.00
20.53,1.05,5.00,1.05,4.00
20.56,1.05,5.00,1.05,4.00
20.59,1.06,5.00,1.06,4.00
20.62,1.06,5.00,1.06,4.00
20.66,1.06,5.00,1.06,4.00
20.69,1.07,5.00,1.07,4.00
20.72,1.07,5.00,1.07,4.00
20.75,1.07,5.00,1.07,4.00
20.78,1.08,5.00,1.08,4.00
20.81,1.08,5.00,1.08,4.00
20.84,1.08,5.00,1.08,4.00
20.88,1.08,5.00,1.08,4.00
20.91,1.09,5.00,1.09,4.00
20.94,1.09,5.00,1.09,4.00
20.97,1.09,5.00,1.09,4.00
21.00,1.10,5.00,1.10,4.00
21.03,1.10,5.00,1.10,4.00
21.06,1.10,5.00,1.10,4.00
21.09,1.11,5.00,1.11,4.00
21.12,1.11,5.00,1.11,4.00
21.16,1.11,5.00,1.11,4.00
21.19,1.12,5.00,1.12,4.00
21.22,1.12,5.00,1.12,4.00
21.25,1.12,5.00,1.12,4.00
21.28,1.13,5.00,1.13,4.00
21.31,1.13,5.00,1.13,4.00
21.34,1.13,5.00,1.13,4.00
21.38,1.13,5.00,1.13,4.00
21.41,1.14,5.00,1.14,4.00
21.44,1.14,5.00,1.14,4.00
21.47,1.14,5.00,1.14,4.00
21.50,1.15,5.00,1.15,4.00
21.53,1.15,5.00,1.15,4.00
21.56,1.15,5.00,1.15,4.00
21.59,1.16,5.00,1.16,4.00
21.62,1.16,5.00,1.16,4.00
21.66,1.16,5.00,1.16,4.00
21.69,1.17,5.00,1.17,4.00
21.72,1.17,5.00,1.17,4.00
21.75,1.17,5.00,1.17,4.00
21.78,1.18,5.00,1.18,4.00
21.81,1.18,5.00,1.18,4.00
21.84,1.18,5.00,1.18,4.00
21.88,1.18,5.00,1.18,4.00
21.91,1.19,5.00,1.19,4.00
21.94,1.19,5.00,1.19,4.00
21.97,1.19,5.00,1.19,4.00
22.00,1.20,5.00,1.20,4.00
22.03,1.20,5.00,1.20,4.00
22.06,1.20,5.00,1.20,4.00
22.09,1.21,5.00,1.21,4.00
22.12,1.21,5.00,1.21,4.00
22.16,1.21,5.00,1.21,4.00
22.19,1.22,5.00,1.22,4.00
22.22,1.22,5.00,1.22,4.00
22.25,1.22,5.00,1.22,4.00
22.28,1.23,5.00,1.23,4.00
22.31,1.23,5.00,1.23,4.00
22.34,1.23,5.00,1.23,4.00
22.38,1.23,5.00,1.23,4.00
22.41,1.24,5.00,1.24,4.00
22.44,1.24,5.00,1.24,4.00
22.47,1.24,5.00,1.24,4.00
22.50,1.25,5.00,1.25,4.00
22.53,1.25,5.00,1.25,4.00
22.56,1.25,5.00,1.25,4.00
22.59,1.26,5.00,1.26,4.00
22.62,1.26,5.00,1.26,4.00
22.66,1.26,5.00,1.26,4.00
22.69,1.27,5.00,1.27,4.00
22.72,1.27,5.00,1.27,4.00
22.75,1.27,5.00,1.27,4.00
22.78,1.28,5.00,1.28,4.00
22.81,1.28,5.00,1.28,4.00
22.84,1.28,5.00,1.28,4.00
22.88,1.28,5.00,1.28,4.00
22.91,1.29,5.00,1.29,4.00
22.94,1.29,5.00,1.29,4.00
22.97,1.29,5.00,1.29,4.00
23.00,1.30,5.00,1.30,4.00
23.03,1.30,5.00,1.30,4.00
23.06,1.30,5.00,1.30,4.00
23.09,1.31,5.00,1.31,4.00
23.12,1.31,5.00,1.31,4.00
23.16,1.31,5.00,1.31,4.00
23.19,1.32,5.00,1.32,4.00
23.22,1.32,5.00,1.32,4.00
23.25,1.32,5.00,1.32,4.00
23.28,1.33,5.00,1.33,4.00
23.31,1.33,5.00,1.33,4.00
23.34,1.33,5.00,1.33,4.00
23.38,1.33,5.00,1.33,4.00
23.41,1.34,5.00,1.34,4.00
23.44,1.34,5.00,1.34,4.00
23.47,1.34,5.00,1.34,4.00
23.50,1.35,5.00,1.35,4.00
23.53,1.35,5.00,1.35,4.00
23.56,1.35,5.00,1.35,4.00
23.59,1.36,5.00,1.36,4.00
23.62,1.36,5.00,1.36,4.00
23.66,1.36,5.00,1.36,4.00
23.69,1.37,5.00,1.37,4.00
23.72,1.37,5.00,1.37,4.00
23.75,1.37,5.00,1.37,4.00
23.78,1.38,5.00,1.38,4.00
23.81,1.38,5.00,1.38,4.00
23.84,1.38,5.00,1.38,4.00
23.88,1.38,5.00,1.38,4.00
23.91,1.39,5.00,1.39,4.00
23.94,1.39,5.00,1.39,4.00
23.97,1.39,5.00,1.39,4.00
24.00,1.40,5.00,1.40,4.00
24.03,1.40,5.00,1.40,4.00
24.06,1.40,5.00,1.40,4.00
24.09,1.41,5.00,1.41,4.00
24.12,1.41,5.00,1.41,4.00
24.16,1.41,5.00,1.41,4.00
24.19,1.42,5.00,1.42,4.00
24.22,1.42,5.00,1.42,4.00
24.25,1.42,5.00,1.42,4.00
24.28,1.43,5.00,1.43,4.00
24.31,1.43,5.00,1.43,4.00
24.34,1.43,5.00,1.43,4.00
24.38,1.43,5.00,1.43,4.00
24.41,1.44,5.00,1.44,4.00
24.44,1.44,5.00,1.44,4.00
24.47,1.44,5.00,1.44,4.00
24.50,1.45,5.00,1.45,4.00
24.53,1.45,5.00,1.45,4.00
24.56,1.45,5.00,1.45,4.00
24.59,1.46,5.00,1.46,4.00
24.62,1.46,5.00,1.46,4.00
24.66,1.46,5.00,1.46,4.00
24.69,1.47,5.00,1.47,4.00
24.72,1.47,5.00,1.47,4.00
24.75,1.47,5.00,1.47,4.00
24.78,1.48,5.00,1.48,4.00
24.81,1.48,5.00,1.48,4.00
24.84,1.48,5.00,1.48,4.00
24.88,1.48,5.00,1.48,4.00
24.91,1.49,5.00,1.49,4.00
24.94,1.49,5.00,1.49,4.00
24.97,1.49,5.00,1.49,4.00
25.00,1.50,5.00,1.50,4.00
25.03,1.50,5.00,1.50,4.00
25.06,1.50,5.00,1.50,4.00
25.09,1.51,5.00,1.51,4.00
25.12,1.51,5.00,1.51,4.00
25.16,1.51,5.00,1.51,4.00
25.19,1.52,5.00,1.52,4.00
25.22,1.52,5.00,1.52,4.00
25.25,1.52,5.00,1.52,4.00
25.28,1.53,5.00,1.53,4.00
25.31,1.53,5.00,1.53,4.00
25.34,1.53,5.00,1.53,4.00
25.38,1.53,5.00,1.53,4.00
25.41,1.54,5.00,1.54,4.00
25.44,1.54,5.00,1.54,4.00
25.47,1.54,5.00,1.54,4.00
25.50,1.55,5.00,1.55,4.00
25.53,1.55,5.00,1.55,4.00
25.56,1.55,5.00,1.55,4.00
25.59,1.56,5.00,1.56,4.00
25.62,1.56,5.00,1.56,4.00
25.66,1.56,5.00,1.56,4.00
25.69,1.57,5.00,1.57,4.00
25.72,1.57,5.00,1.57,4.00
25.75,1.57,5.00,1.57,4.00
25.78,1.58,5.00,1.58,4.00
25.81,1.58,5.00,1.58,4.00
25.84,1.58,5.00,1.58,4.00
25.88,1.58,5.00,1.58,4.00
25.91,1.59,5.00,1.59,4.00
25.94,1.59,5.00,1.59,4.00
25.97,1.59,5.00,1.59,4.00
26.00,1.60,5.00,1.60,4.00
26.03,1.60,5.00,1.60,4.00
26.06,1.60,5.00,1.60,4.00
26.09,1.61,5.00,1.61,4.00
26.12,1.61,5.00,1.61,4.00
26.16,1.61,5.00,1.61,4.00
26.19,1.62,5.00,1.62,4.00
26.22,1.62,5.00,1.62,4.00
26.25,1.62,5.00,1.62,4.00
26.28,1.63,5.00,1.63,4.00
26.31,1.63,5.00,1.63,4.00
26.34,1.63,5.00,1.63,4.00
26.38,1.63,5.00,1.63,4.00
26.41,1.64,5.00,1.64,4.00
26.44,1.64,5.00,1.64,4.00
26.47,1.64,5.00,1.64,4.00
26.50,1.65,5.00,1.65,4.00
26.53,1.65,5.00,1.65,4.00
26.56,1.65,5.00,1.65,4.00
26.59,1.66,5.00,1.66,4.00
26.62,1.66,5.00,1.66,4.00
26.66,1.66,5.00,1.66,4.00
26.69,1.67,5.00,1.67,4.00
26.72,1.67,5.00,1.67,4.00
26.75,1.67,5.00,1.67,4.00
26.78,1.68,5.00,1.68,4.00
26.81,1.68,5.00,1.68,4.00
26.84,1.68,5.00,1.68,4.00
26.88,1.68,5.00,1.68,4.00
26.91,1.69,5.00,1.69,4.00
26.94,1.69,5.00,1.69,4.00
26.97,1.69,5.00,1.69,4.00
27.00,1.70,5.00,1.70,4.00
27.03,1.70,5.00,1.70,4.00
27.06,1.70,5.00,1.70,4.00
27.09,1.71,5.00,1.71,4.00
27.12,1.71,5.00,1.71,4.00
27.16,1.71,5.00,1.71,4.00
27.19,1.72,5.00,1.72,4.00
27.22,1.72,5.00,1.72,4.00
27.25,1.72,5.00,1.72,4.00
27.28,1.73,5.00,1.73,4.00
27.31,1.73,5.00,1.73,4.00
27.34,1.73,5.00,1.73,4.00
27.38,1.73,5.00,1.73,4.00
27.41,1.74,5.00,1.74,4.00
27.44,1.74,5.00,1.74,4.00
27.47,1.74,5.00,1.74,4.00
27.50,1.75,5.00,1.75,4.00
27.53,1.75,5.00,1.75,4.00
27.56,1.75,5.00,1.75,4.00
27.59,1.76,5.00,1.76,4.00
27.62,1.76,5.00,1.76,4.00
27.66,1.76,5.00,1.76,4.00
27.69,1.77,5.00,1.77,4.00
27.72,1.77,5.00,1.77,4.00
27.75,1.77,5.00,1.77,4.00
27.78,1.78,5.00,1.78,4.00
27.81,1.78,5.00,1.78,4.00
27.84,1.78,5.00,1.78,4.00
27.88,1.78,5.00,1.78,4.00
27.91,1.79,5.00,1.79,4.00
27.94,1.79,5.00,1.79,4.00
27.97,1.79,5.00,1.79,4.00
28.00,1.80,5.00,1.80,4.00
28.03,1.80,5.00,1.80,4.00
28.06,1.80,5.00,1.80,4.00
28.09,1.81,5.00,1.81,4.00
28.12,1.81,5.00,1.81,4.00
28.16,1.81,5.00,1.81,4.00
28.19,1.82,5.00,1.82,4.00
28.22,1.82,5.00,1.82,4.00
28.25,1.82,5.00,1.82,4.00
28.28,1.83,5.00,1.83,4.00
28.31,1.83,5.00,1.83,4.00
28.34,1.83,5.00,1.83,4.00
28.38,1.83,5.00,1.83,4.00
28.41,1.84,5.00,1.84,4.00
28.44,1.84,5.00,1.84,4.00
28.47,1.84,5.00,1.84,4.00
28.50,1.85,5.00,1.85,4.00
28.53,1.85,5.00,1.85,4.00
28.56,1.85,5.00,1.85,4.00
28.59,1.86,5.00,1.86,4.00
28.62,1.86,5.00,1.86,4.00
28.66,1.86,5.00,1.86,4.00
28.69,1.87,5.00,1.87,4.00
28.72,1.87,5.00,1.87,4.00
28.75,1.87,5.00,1.87,4.00
28.78,1.88,5.00,1.88,4.00
28.81,1.88,5.00,1.88,4.00
28.84,1.88,5.00,1.88,4.00
28.88,1.88,5.00,1.88,4.00
28.91,1.89,5.00,1.89,4.00
28.94,1.89,5.00,1.89,4.00
28.97,1.89,5.00,1.89,4.00
29.00,1.90,5.00,1.90,4.00
29.03,1.90,5.00,1.90,4.00
29.06,1.90,5.00,1.90,4.00
29.09,1.91,5.00,1.91,4.00
29.12,1.91,5.00,1.91,4.00
29.16,1.91,5.00,1.91,4.00
29.19,1.92,5.00,1.92,4.00
29.22,1.92,5.00,1.92,4.00
29.25,1.92,5.00,1.92,4.00
29.28,1.93,5.00,1.93,4.00
29.31,1.93,5.00,1.93,4.00
29.34,1.93,5.00,1.93,4.00
29.38,1.93,5.00,1.93,4.00
29.41,1.94,5.00,1.94,4.00
29.44,1.94,5.00,1.94,4.00
29.47,1.94,5.00,1.94,4.00
29.50,1.95,5.00,1.95,4.00
29.53,1.95,5.00,1.95,4.00
29.56,1.95,5.00,1.95,4.00
29.59,1.96,5.00,1.96,4.00
29.62,1.96,5.00,1.96,4.00
29.66,1.96,5.00,1.96,4.00
29.69,1.97,5.00,1.97,4.00
29.72,1.97,5.00,1.97,4.00
29.75,1.97,5.00,1.97,4.00
29.78,1.98,5.00,1.98,4.00
29.81,1.98,5.00,1.98,4.00
29.84,1.98,5.00,1.98,4.00
29.88,1.98,5.00,1.98,4.00
29.91,1.99,5.00,1.99,4.00
29.94,1.99,5.00,1.99,4.00
29.97,1.99,5.00,1.99,4.00
30.00,2.00,5.00,2.00,4.00
30.03,2.00,5.00,2.00,4.00
30.06,2.00,5.00,2.00,4.00
30.09,2.01,5.00,2.01,4.00
30.12,2.01,5.00,2.01,4.00
30.16,2.01,5.00,2.01,4.00
30.19,2.02,5.00,2.02,4.00
30.22,2.02,5.00,2.02,4.00
30.25,2.02,5.00,2.02,4.00
30.28,2.03,5.00,2.03,4.00
30.31,2.03,5.00,2.03,4.00
30.34,2.03,5.00,2.03,4.00
30.38,2.03,5.00,2.03,4.00
30.41,2.04,5.00,2.04,4.00
30.44,2.04,5.00,2.04,4.00
30.47,2.04,5.00,2.04,4.00
30.50,2.05,5.00,2.05,4.00
30.53,2.05,5.00,2.05,4.00
30.56,2.05,5.00,2.05,4.00
30.59,2.06,5.00,2.06,4.00
30.62,2.06,5.00,2.06,4.00
30.66,2.06,5.00,2.06,4.00
30.69,2.07,5.00,2.07,4.00
30.72,2.07,5.00,2.07,4.00
30.75,2.07,5.00,2.07,4.00
30.78,2.08,5.00,2.08,4.00
30.81,2.08,5.00,2.08,4.00
30.84,2.08,5.00,2.08,4.00
30.88,2.08,5.00,2.08,4.00
30.91,2.09,5.00,2.09,4.00
30.94,2.09,5.00,2.09,4.00
30.97,2.09,5.00,2.09,4.00
31.00,2.10,5.00,2.10,4.00
31.03,2.10,5.00,2.10,4.00
31.06,2.10,5.00,2.10,4.00
31.09,2.11,5.00,2.11,4.00
31.12,2.11,5.00,2.11,4.00
31.16,2.11,5.00,2.11,4.00
31.19,2.12,5.00,2.12,4.00
31.22,2.12,5.00,2.12,4.00
31.25,2.12,5.00,2.12,4.00
31.28,2.13,5.00,2.13,4.00
31.31,2.13,5.00,2.13,4.00
31.34,2.13,5.00,2.13,4.00
31.38,2.13,5.00,2.13,4.00
31.41,2.14,5.00,2.14,4.00
31.44,2.14,5.00,2.14,4.00
31.47,2.14,5.00,2.14,4.00
31.50,2.15,5.00,2.15,4.00
31.53,2.15,5.00,2.15,4.00
31.56,2.15,5.00,2.15,4.00
31.59,2.16,5.00,2.16,4.00
31.62,2.16,5.00,2.16,4.00
31.66,2.16,5.00,2.16,4.00
31.69,2.17,5.00,2.17,4.00
31.72,2.17,5.00,2.17,4.00
31.75,2.17,5.00,2.17,4.00
31.78,2.18,5.00,2.18,4.00
31.81,2.18,5.00,2.18,4.00
31.84,2.18,5.00,2.18,4.00
31.88,2.18,5.00,2.18,4.00
31.91,2.19,5.00,2.19,4.00
31.94,2.19,5.00,2.19,4.00
31.97,2.19,5.00,2.19,4.00
32.00,2.20,5.00,2.20,4.00
32.03,2.20,5.00,2.20,4.00
32.06,2.20,5.00,2.20,4.00
32.09,2.21,5.00,2.21,4.00
32.12,2.21,5.00,2.21,4.00
32.16,2.21,5.00,2.21,4.00
32.19,2.22,5.00,2.22,4.00
32.22,2.22,5.00,2.22,4.00
32.25,2.22,5.00,2.22,4.00
32.28,2.23,5.00,2.23,4.00
32.31,2.23,5.00,2.23,4.00
32.34,2.23,5.00,2.23,4.00
32.38,2.23,5.00,2.23,4.00
32.41,2.24,5.00,2.24,4.00
32.44,2.24,5.00,2.24,4.00
32.47,2.24,5.00,2.24,4.00
32.50,2.25,5.00,2.25,4.00
32.53,2.25,5.00,2.25,4.00
32.56,2.25,5.00,2.25,4.00
32.59,2.26,5.00,2.26,4.00
32.62,2.26,5.00,2.26,4.00
32.66,2.26,5.00,2.26,4.00
32.69,2.27,5.00,2.27,4.00
32.72,2.27,5.00,2.27,4.00
32.75,2.27,5.00,2.27,4.00
32.78,2.28,5.00,2.28,4.00
32.81,2.28,5.00,2.28,4.00
32.84,2.28,5.00,2.28,4.00
32.88,2.28,5.00,2.28,4.00
32.91,2.29,5.00,2.29,4.00
32.94,2.29,5.00,2.29,4.00
32.97,2.29,5.00,2.29,4.00
33.00,2.30,5.00,2.30,4.00
33.03,2.30,5.00,2.30,4.00
33.06,2.30,5.00,2.30,4.00
33.09,2.31,5.00,2.31,4.00
33.12,2.31,5.00,2.31,4.00
33.16,2.31,5.00,2.31,4.00
33.19,2.32,5.00,2.32,4.00
33.22,2.32,5.00,2.32,4.00
33.25,2.32,5.00,2.32,4.00
33.28,2.33,5.00,2.33,4.00
33.31,2.33,5.00,2.33,4.00
33.34,2.33,5.00,2.33,4.00
33.38,2.33,5.00,2.33,4.00
33.41,2.34,5.00,2.34,4.00
33.44,2.34,5.00,2.34,4.00
33.47,2.34,5.00,2.34,4.00
33.50,2.35,5.00,2.35,4.00
33.53,2.35,5.00,2.35,4.00
33.56,2.35,5.00,2.35,4.00
33.59,2.36,5.00,2.36,4.00
33.62,2.36,5.00,2.36,4.00
33.66,2.36,5.00,2.36,4.00
33.69,2.37,5.00,2.37,4.00
33.72,2.37,5.00,2.37,4.00
33.75,2.37,5.00,2.37,4.00
33.78,2.38,5.00,2.38,4.00
33.81,2.38,5.00,2.38,4.00
33.84,2.38,5.00,2.38,4.00
33.88,2.38,5.00,2.38,4.00
33.91,2.39,5.00,2.39,4.00
33.94,2.39,5.00,2.39,4.00
33.97,2.39,5.00,2.39,4.00
34.00,2.40,5.00,2.40,4.00
34.03,2.40,5.00,2.40,4.00
34.06,2.40,5.00,2.40,4.00
34.09,2.41,5.00,2.41,4.00
34.12,2.41,5.00,2.41,4.00
34.16,2.41,5.00,2.41,4.00
34.19,2.42,5.00,2.42,4.00
34.22,2.42,5.00,2.42,4.00
34.25,2.42,5.00,2.42,4.00
34.28,2.43,5.00,2.43,4.00
34.31,2.43,5.00,2.43,4.00
34.34,2.43,5.00,2.43,4.00
34.38,2.43,5.00,2.43,4.00
34.41,2.44,5.00,2.44,4.00
34.44,2.44,5.00,2.44,4.00
34.47,2.44,5.00,2.44,4.00
34.50,2.45,5.00,2.45,4.00
34.53,2.45,5.00,2.45,4.00
34.56,2.45,5.00,2.45,4.00
34.59,2.46,5.00,2.46,4.00
34.62,2.46,5.00,2.46,4.00
34.66,2.46,5.00,2.46,4.00
34.69,2.47,5.00,2.47,4.00
34.72,2.47,5.00,2.47,4.00
34.75,2.47,5.00,2.47,4.00
34.78,2.47,5.00,2.47,4.00
34.81,2.48,5.00,2.48,4.00
34.84,2.48,5.00,2.48,4.00
34.88,2.48,5.00,2.48,4.00
34.91,2.49,5.00,2.49,4.00
34.94,2.49,5.00,2.49,4.00
34.97,2.49,5.00,2.49,4.00
35.00,2.50,5.00,2.50,4.00
35.03,2.50,5.00,2.50,4.00
35.06,2.50,5.00,2.50,4.00
35.09,2.51,5.00,2.51,4.00
35.12,2.51,5.00,2.51,4.00
35.16,2.51,5.00,2.51,4.00
35.19,2.52,5.00,2.52,4.00
35.22,2.52,5.00,2.52,4.00
35.25,2.52,5.00,2.52,4.00
35.28,2.52,5.00,2.52,4.00
35.31,2.53,5.00,2.53,4.00
35.34,2.53,5.00,2.53,4.00
35.38,2.53,5.00,2.53,4.00
35.41,2.54,5.00,2.54,4.00
35.44,2.54,5.00,2.54,4.00
35.47,2.54,5.00,2.54,4.00
35.50,2.55,5.00,2.55,4.00
35.53,2.55,5.00,2.55,4.00
35.56,2.55,5.00,2.55,4.00
35.59,2.56,5.00,2.56,4.00
35.62,2.56,5.00,2.56,4.00
35.66,2.56,5.00,2.56,4.00
35.69,2.57,5.00,2.57,4.00
35.72,2.57,5.00,2.57,4.00
35.75,2.57,5.00,2.57,4.00
35.78,2.57,5.00,2.57,4.00
35.81,2.58,5.00,2.58,4.00
35.84,2.58,5.00,2.58,4.00
35.88,2.58,5.00,2.58,4.00
35.91,2.59,5.00,2.59,4.00
35.94,2.59,5.00,2.59,4.00
35.97,2.59,5.00,2.59,4.00
36.00,2.60,5.00,2.60,4.00
36.03,2.60,5.00,2.60,4.00
36.06,2.60,5.00,2.60,4.00
36.09,2.61,5.00,2.61,4.00
36.12,2.61,5.00,2.61,4.00
36.16,2.61,5.00,2.61,4.00
36.19,2.62,5.00,2.62,4.00
36.22,2.62,5.00,2.62,4.00
36.25,2.62,5.00,2.62,4.00
36.28,2.62,5.00,2.62,4.00
36.31,2.63,5.00,2.63,4.00
36.34,2.63,5.00,2.63,4.00
36.38,2.63,5.00,2.63,4.00
36.41,2.64,5.00,2.64,4.00
36.44,2.64,5.00,2.64,4.00
36.47,2.64,5.00,2.64,4.00
36.50,2.65,5.00,2.65,4.00
36.53,2.65,5.00,2.65,4.00
36.56,2.65,5.00,2.65,4.00
36.59,2.66,5.00,2.66,4.00
36.62,2.66,5.00,2.66,4.00
36.66,2.66,5.00,2.66,4.00
36.69,2.67,5.00,2.67,4.00
36.72,2.67,5.00,2.67,4.00
36.75,2.67,5.00,2.67,4.00
36.78,2.67,5.00,2.67,4.00
36.81,2.68,5.00,2.68,4.00
36.84,2.68,5.00,2.68,4.00
36.88,2.68,5.00,2.68,4.00
36.91,2.69,5.00,2.69,4.00
36.94,2.69,5.00,2.69,4.00
36.97,2.69,5.00,2.69,4.00
37.00,2.70,5.00,2.70,4.00
37.03,2.70,5.00,2.70,4.00
37.06,2.70,5.00,2.70,4.00
37.09,2.71,5.00,2.71,4.00
37.12,2.71,5.00,2.71,4.00
37.16,2.71,5.00,2.71,4.00
37.19,2.72,5.00,2.72,4.00
37.22,2.72,5.00,2.72,4.00
37.25,2.72,5.00,2.72,4.00
37.28,2.72,5.00,2.72,4.00
37.31,2.73,5.00,2.73,4.00
37.34,2.73,5.00,2.73,4.00
37.38,2.73,5.00,2.73,4.00
37.41,2.74,5.00,2.74,4.00
37.44,2.74,5.00,2.74,4.00
37.47,2.74,5.00,2.74,4.00
37.50,2.75,5.00,2.75,4.00
37.53,2.75,5.00,2.75,4.00
37.56,2.75,5.00,2.75,4.00
37.59,2.76,5.00,2.76,4.00
37.62,2.76,5.00,2.76,4.00
37.66,2.76,5.00,2.76,4.00
37.69,2.77,5.00,2.77,4.00
37.72,2.77,5.00,2.77,4.00
37.75,2.77,5.00,2.77,4.00
37.78,2.77,5.00,2.77,4.00
37.81,2.78,5.00,2.78,4.00
37.84,2.78,5.00,2.78,4.00
37.88,2.78,5.00,2.78,4.00
37.91,2.79,5.00,2.79,4.00
37.94,2.79,5.00,2.79,4.00
37.97,2.79,5.00,2.79,4.00
38.00,2.80,5.00,2.80,4.00
38.03,2.80,5.00,2.80,4.00
38.06,2.80,5.00,2.80,4.00
38.09,2.81,5.00,2.81,4.00
38.12,2.81,5.00,2.81,4.00
38.16,2.81,5.00,2.81,4.00
38.19,2.82,5.00,2.82,4.00
38.22,2.82,5.00,2.82,4.00
38.25,2.82,5.00,2.82,4.00
38.28,2.82,5.00,2.82,4.00
38.31,2.83,5.00,2.83,4.00
38.34,2.83,5.00,2.83,4.00
38.38,2.83,5.00,2.83,4.00
38.41,2.84,5.00,2.84,4.00
38.44,2.84,5.00,2.84,4.00
38.47,2.84,5.00,2.84,4.00
38.50,2.85,5.00,2.85,4.00
38.53,2.85,5.00,2.85,4.00
38.56,2.85,5.00,2.85,4.00
38.59,2.86,5.00,2.86,4.00
38.62,2.86,5.00,2.86,4.00
38.66,2.86,5.00,2.86,4.00
38.69,2.87,5.00,2.87,4.00
38.72,2.87,5.00,2.87,4.00
38.75,2.87,5.00,2.87,4.00
38.78,2.87,5.00,2.87,4.00
38.81,2.88,5.00,2.88,4.00
38.84,2.88,5.00,2.88,4.00
38.88,2.88,5.00,2.88,4.00
38.91,2.89,5.00,2.89,4.00
38.94,2.89,5.00,2.89,4.00
38.97,2.89,5.00,2.89,4.00
39.00,2.90,5.00,2.90,4.00
39.03,2.90,5.00,2.90,4.00
39.06,2.90,5.00,2.90,4.00
39.09,2.91,5.00,2.91,4.00
39.12,2.91,5.00,2.91,4.00
39.16,2.91,5.00,2.91,4.00
39.19,2.92,5.00,2.92,4.00
39.22,2.92,5.00,2.92,4.00
39.25,2.92,5.00,2.92,4.00
39.28,2.92,5.00,2.92,4.00
39.31,2.93,5.00,2.93,4.00
39.34,2.93,5.00,2.93,4.00
39.38,2.93,5.00,2.93,4.00
39.41,2.94,5.00,2.94,4.00
39.44,2.94,5.00,2.94,4.00
39.47,2.94,5.00,2.94,4.00
39.50,2.95,5.00,2.95,4.00
39.53,2.95,5.00,2.95,4.00
39.56,2.95,5.00,2.95,4.00
39.59,2.96,5.00,2.96,4.00
39.62,2.96,5.00,2.96,4.00
39.66,2.96,5.00,2.96,4.00
39.69,2.97,5.00,2.97,4.00
39.72,2.97,5.00,2.97,4.00
39.75,2.97,5.00,2.97,4.00
39.78,2.97,5.00,2.97,4.00
39.81,2.98,5.00,2.98,4.00
39.84,2.98,5.00,2.98,4.00
39.88,2.98,5.00,2.98,4.00
39.91,2.99,5.00,2.99,4.00
39.94,2.99,5.00,2.99,4.00
39.97,2.99,5.00,2.99,4.00
40.00,3.00,5.00,3.00,4.00
40.03,3.00,5.00,3.00,4.00
40.06,3.00,5.00,3.00,4.00
40.09,3.01,5.00,3.01,4.00
40.12,3.01,5.00,3.01,4.00
40.16,3.01,5.00,3.01,4.00
40.19,3.02,5.00,3.02,4.00
40.22,3.02,5.00,3.02,4.00
40.25,3.02,5.00,3.02,4.00
40.28,3.02,5.00,3.02,4.00
40.31,3.03,5.00,3.03,4.00
40.34,3.03,5.00,3.03,4.00
40.38,3.03,5.00,3.03,4.00
40.41,3.04,5.00,3.04,4.00
40.44,3.04,5.00,3.04,4.00
40.47,3.04,5.00,3.04,4.00
40.50,3.05,5.00,3.05,4.00
40.53,3.05,5.00,3.05,4.00
40.56,3.05,5.00,3.05,4.00
40.59,3.06,5.00,3.06,4.00
40.62,3.06,5.00,3.06,4.00
40.66,3.06,5.00,3.06,4.00
40.69,3.07,5.00,3.07,4.00
40.72,3.07,5.00,3.07,4.00
40.75,3.07,5.00,3.07,4.00
40.78,3.07,5.00,3.07,4.00
40.81,3.08,5.00,3.08,4.00
40.84,3.08,5.00,3.08,4.00
40.88,3.08,5.00,3.08,4.00
40.91,3.09,5.00,3.09,4.00
40.94,3.09,5.00,3.09,4.00
40.97,3.09,5.00,3.09,4.00
41.00,3.10,5.00,3.10,4.00
41.03,3.10,5.00,3.10,4.00
41.06,3.10,5.00,3.10,4.00
41.09,3.11,5.00,3.11,4.00
41.12,3.11,5.00,3.11,4.00
41.16,3.11,5.00,3.11,4.00
41.19,3.12,5.00,3.12,4.00
41.22,3.12,5.00,3.12,4.00
41.25,3.12,5.00,3.12,4.00
41.28,3.12,5.00,3.12,4.00
41.31,3.13,5.00,3.13,4.00
41.34,3.13,5.00,3.13,4.00
41.38,3.13,5.00,3.13,4.00
41.41,3.14,5.00,3.14,4.00
41.44,3.14,5.00,3.14,4.00
41.47,3.14,5.00,3.14,4.00
41.50,3.15,5.00,3.15,4.00
41.53,3.15,5.00,3.15,4.00
41.56,3.15,5.00,3.15,4.00
41.59,3.16,5.00,3.16,4.00
41.62,3.16,5.00,3.16,4.00
41.66,3.16,5.00,3.16,4.00
41.69,3.17,5.00,3.17,4.00
41.72,3.17,5.00,3.17,4.00
41.75,3.17,5.00,3.17,4.00
41.78,3.17,5.00,3.17,4.00
41.81,3.18,5.00,3.18,4.00
41.84,3.18,5.00,3.18,4.00
41.88,3.18,5.00,3.18,4.00
41.91,3.19,5.00,3.19,4.00
41.94,3.19,5.00,3.19,4.00
41.97,3.19,5.00,3.19,4.00
42.00,3.20,5.00,3.20,4.00
42.03,3.20,5.00,3.20,4.00
42.06,3.20,5.00,3.20,4.00
42.09,3.21,5.00,3.21,4.00
42.12,3.21,5.00,3.21,4.00
42.16,3.21,5.00,3.21,4.00
42.19,3.22,5.00,3.22,4.00
42.22,3.22,5.00,3.22,4.00
42.25,3.22,5.00,3.22,4.00
42.28,3.22,5.00,3.22,4.00
42.31,3.23,5.00,3.23,4.00
42.34,3.23,5.00,3.23,4.00
42.38,3.23,5.00,3.23,4.00
42.41,3.24,5.00,3.24,4.00
42.44,3.24,5.00,3.24,4.00
42.47,3.24,5.00,3.24,4.00
42.50,3.25,5.00,3.25,4.00
42.53,3.25,5.00,3.25,4.00
42.56,3.25,5.00,3.25,4.00
42.59,3.26,5.00,3.26,4.00
42.62,3.26,5.00,3.26,4.00
42.66,3.26,5.00,3.26,4.00
42.69,3.27,5.00,3.27,4.00
42.72,3.27,5.00,3.27,4.00
42.75,3.27,5.00,3.27,4.00
42.78,3.27,5.00,3.27,4.00
42.81,3.28,5.00,3.28,4.00
42.84,3.28,5.00,3.28,4.00
42.88,3.28,5.00,3.28,4.00
42.91,3.29,5.00,3.29,4.00
42.94,3.29,5.00,3.29,4.00
42.97,3.29,5.00,3.29,4.00
43.00,3.30,5.00,3.30,4.00
43.03,3.30,5.00,3.30,4.00
43.06,3.30,5.00,3.30,4.00
43.09,3.31,5.00,3.31,4.00
43.12,3.31,5.00,3.31,4.00
43.16,3.31,5.00,3.31,4.00
43.19,3.32,5.00,3.32,4.00
43.22,3.32,5.00,3.32,4.00
43.25,3.32,5.00,3.32,4.00
43.28,3.32,5.00,3.32,4.00
43.31,3.33,5.00,3.33,4.00
43.34,3.33,5.00,3.33,4.00
43.38,3.33,5.00,3.33,4.00
43.41,3.34,5.00,3.34,4.00
43.44,3.34,5.00,3.34,4.00
43.47,3.34,5.00,3.34,4.00
43.50,3.35,5.00,3.35,4.00
43.53,3.35,5.00,3.35,4.00
43.56,3.35,5.00,3.35,4.00
43.59,3.36,5.00,3.36,4.00
43.62,3.36,5.00,3.36,4.00
43.66,3.36,5.00,3.36,4.00
43.69,3.37,5.00,3.37,4.00
43.72,3.37,5.00,3.37,4.00
43.75,3.37,5.00,3.37,4.00
43.78,3.37,5.00,3.37,4.00
43.81,3.38,5.00,3.38,4.00
43.84,3.38,5.00,3.38,4.00
43.88,3.38,5.00,3.38,4.00
43.91,3.39,5.00,3.39,4.00
43.94,3.39,5.00,3.39,4.00
43.97,3.39,5.00,3.39,4.00
44.00,3.40,5.00,3.40,4.00
44.03,3.40,5.00,3.40,4.00
44.06,3.40,5.00,3.40,4.00
44.09,3.41,5.00,3.41,4.00
44.12,3.41,5.00,3.41,4.00
44.16,3.41,5.00,3.41,4.00
44.19,3.42,5.00,3.42,4.00
44.22,3.42,5.00,3.42,4.00
44.25,3.42,5.00,3.42,4.00
44.28,3.42,5.00,3.42,4.00
44.31,3.43,5.00,3.43,4.00
44.34,3.43,5.00,3.43,4.00
44.38,3.43,5.00,3.43,4.00
44.41,3.44,5.00,3.44,4.00
44.44,3.44,5.00,3.44,4.00
44.47,3.44,5.00,3.44,4.00
44.50,3.45,5.00,3.45,4.00
44.53,3.45,5.00,3.45,4.00
44.56,3.45,5.00,3.45,4.00
44.59,3.46,5.00,3.46,4.00
44.62,3.46,5.00,3.46,4.00
44.66,3.46,5.00,3.46,4.00
44.69,3.47,5.00,3.47,4.00
44.72,3.47,5.00,3.47,4.00
44.75,3.47,5.00,3.47,4.00
44.78,3.47,5.00,3.47,4.00
44.81,3.48,5.00,3.48,4.00
44.84,3.48,5.00,3.48,4.00
44.88,3.48,5.00,3.48,4.00
44.91,3.49,5.00,3.49,4.00
44.94,3.49,5.00,3.49,4.00
44.97,3.49,5.00,3.49,4.00
45.00,3.50,5.00,3.50,4.00
45.03,3.50,5.00,3.50,4.00
45.06,3.50,5.00,3.50,4.00
45.09,3.51,5.00,3.51,4.00
45.12,3.51,5.00,3.51,4.00
45.16,3.51,5.00,3.51,4.00
45.19,3.52,5.00,3.52,4.00
45.22,3.52,5.00,3.52,4.00
45.25,3.52,5.00,3.52,4.00
45.28,3.52,5.00,3.52,4.00
45.31,3.53,5.00,3.53,4.00
45.34,3.53,5.00,3.53,4.00
45.38,3.53,5.00,3.53,4.00
45.41,3.54,5.00,3.54,4.00
45.44,3.54,5.00,3.54,4.00
45.47,3.54,5.00,3.54,4.00
45.50,3.55,5.00,3.55,4.00
45.53,3.55,5.00,3.55,4.00
45.56,3.55,5.00,3.55,4.00
45.59,3.56,5.00,3.56,4.00
45.62,3.56,5.00,3.56,4.00
45.66,3.56,5.00,3.56,4.00
45.69,3.57,5.00,3.57,4.00
45.72,3.57,5.00,3.57,4.00
45.75,3.57,5.00,3.57,4.00
45.78,3.57,5.00,3.57,4.00
45.81,3.58,5.00,3.58,4.00
45.84,3.58,5.00,3.58,4.00
45.88,3.58,5.00,3.58,4.00
45.91,3.59,5.00,3.59,4.00
45.94,3.59,5.00,3.59,4.00
45.97,3.59,5.00,3.59,4.00
46.00,3.60,5.00,3.60,4.00
46.03,3.60,5.00,3.60,4.00
46.06,3.60,5.00,3.60,4.00
46.09,3.61,5.00,3.61,4.00
46.12,3.61,5.00,3.61,4.00
46.16,3.61,5.00,3.61,4.00
46.19,3.62,5.00,3.62,4.00
46.22,3.62,5.00,3.62,4.00
46.25,3.62,5.00,3.62,4.00
46.28,3.62,5.00,3.62,4.00
46.31,3.63,5.00,3.63,4.00
46.34,3.63,5.00,3.63,4.00
46.38,3.63,5.00,3.63,4.00
46.41,3.64,5.00,3.64,4.00
46.44,3.64,5.00,3.64,4.00
46.47,3.64,5.00,3.64,4.00
46.50,3.65,5.00,3.65,4.00
46.53,3.65,5.00,3.65,4.00
46.56,3.65,5.00,3.65,4.00
46.59,3.66,5.00,3.66,4.00
46.62,3.66,5.00,3.66,4.00
46.66,3.66,5.00,3.66,4.00
46.69,3.67,5.00,3.67,4.00
46.72,3.67,5.00,3.67,4.00
46.75,3.67,5.00,3.67,4.00
46.78,3.67,5.00,3.67,4.00
46.81,3.68,5.00,3.68,4.00
46.84,3.68,5.00,3.68,4.00
46.88,3.68,5.00,3.68,4.00
46.91,3.69,5.00,3.69,4.00
46.94,3.69,5.00,3.69,4.00
46.97,3.69,5.00,3.69,4.00
47.00,3.70,5.00,3.70,4.00
47.03,3.70,5.00,3.70,4.00
47.06,3.70,5.00,3.70,4.00
47.09,3.71,5.00,3.71,4.00
47.12,3.71,5.00,3.71,4.00
47.16,3.71,5.00,3.71,4.00
47.19,3.72,5.00,3.72,4.00
47.22,3.72,5.00,3.72,4.00
47.25,3.72,5.00,3.72,4.00
47.28,3.72,5.00,3.72,4.00
47.31,3.73,5.00,3.73,4.00
47.34,3.73,5.00,3.73,4.00
47.38,3.73,5.00,3.73,4.00
47.41,3.74,5.00,3.74,4.00
47.44,3.74,5.00,3.74,4.00
47.47,3.74,5.00,3.74,4.00
47.50,3.75,5.00,3.75,4.00
47.53,3.75,5.00,3.75,4.00
47.56,3.75,5.00,3.75,4.00
47.59,3.76,5.00,3.76,4.00
47.62,3.76,5.00,3.76,4.00
47.66,3.76,5.00,3.76,4.00
47.69,3.77,5.00,3.77,4.00
47.72,3.77,5.00,3.77,4.00
47.75,3.77,5.00,3.77,4.00
47.78,3.77,5.00,3.77,4.00
47.81,3.78,5.00,3.78,4.00
47.84,3.78,5.00,3.78,4.00
47.88,3.78,5.00,3.78,4.00
47.91,3.79,5.00,3.79,4.00
47.94,3.79,5.00,3.79,4.00
47.97,3.79,5.00,3.79,4.00
48.00,3.80,5.00,3.80,4.00
48.03,3.80,5.00,3.80,4.00
48.06,3.80,5.00,3.80,4.00
48.09,3.81,5.00,3.81,4.00
48.12,3.81,5.00,3.81,4.00
48.16,3.81,5.00,3.81,4.00
48.19,3.82,5.00,3.82,4.00
48.22,3.82,5.00,3.82,4.00
48.25,3.82,5.00,3.82,4.00
48.28,3.82,5.00,3.82,4.00
48.31,3.83,5.00,3.83,4.00
48.34,3.83,5.00,3.83,4.00
48.38,3.83,5.00,3.83,4.00
48.41,3.84,5.00,3.84,4.00
48.44,3.84,5.00,3.84,4.00
48.47,3.84,5.00,3.84,4.00
48.50,3.85,5.00,3.85,4.00
48.53,3.85,5.00,3.85,4.00
48.56,3.85,5.00,3.85,4.00
48.59,3.86,5.00,3.86,4.00
48.62,3.86,5.00,3.86,4.00
48.66,3.86,5.00,3.86,4.00
48.69,3.87,5.00,3.87,4.00
48.72,3.87,5.00,3.87,4.00
48.75,3.87,5.00,3.87,4.00
48.78,3.87,5.00,3.87,4.00
48.81,3.88,5.00,3.88,4.00
48.84,3.88,5.00,3.88,4.00
48.88,3.88,5.00,3.88,4.00
48.91,3.89,5.00,3.89,4.00
48.94,3.89,5.00,3.89,4.00
48.97,3.89,5.00,3.89,4.00
49.00,3.90,5.00,3.90,4.00
49.03,3.90,5.00,3.90,4.00
49.06,3.90,5.00,3.90,4.00
49.09,3.91,5.00,3.91,4.00
49.12,3.91,5.00,3.91,4.00
49.16,3.91,5.00,3.91,4.00
49.19,3.92,5.00,3.92,4.00
49.22,3.92,5.00,3.92,4.00
49.25,3.92,5.00,3.92,4.00
49.28,3.92,5.00,3.92,4.00
49.31,3.93,5.00,3.93,4.00
49.34,3.93,5.00,3.93,4.00
49.38,3.93,5.00,3.93,4.00
49.41,3.94,5.00,3.94,4.00
49.44,3.94,5.00,3.94,4.00
49.47,3.94,5.00,3.94,4.00
49.50,3.95,5.00,3.95,4.00
49.53,3.95,5.00,3.95,4.00
49.56,3.95,5.00,3.95,4.00
49.59,3.96,5.00,3.96,4.00
49.62,3.96,5.00,3.96,4.00
49.66,3.96,5.00,3.96,4.00
49.69,3.97,5.00,3.97,4.00
49.72,3.97,5.00,3.97,4.00
49.75,3.97,5.00,3.97,4.00
49.78,3.97,5.00,3.97,4.00
49.81,3.98,5.00,3.98,4.00
49.84,3.98,5.00,3.98,4.00
49.88,3.98,5.00,3.98,4.00
49.91,3.99,5.00,3.99,4.00
49.94,3.99,5.00,3.99,4.00
49.97,3.99,5.00,3.99,4.00
50.00,4.00,5.00,4.00,4.00
50.03,4.00,5.00,4.00,4.00
50.06,4.00,5.00,4.00,4.00
50.09,4.01,5.00,4.01,4.00
50.12,4.01,5.00,4.01,4.00
50.16,4.01,5.00,4.01,4.00
50.19,4.02,5.00,4.02,4.00
50.22,4.02,5.00,4.02,4.00
50.25,4.02,5.00,4.02,4.00
50.28,4.02,5.00,4.02,4.00
50.31,4.03,5.00,4.03,4.00
50.34,4.03,5.00,4.03,4.00
50.38,4.03,5.00,4.03,4.00
50.41,4.04,5.00,4.04,4.00
50.44,4.04,5.00,4.04,4.00
50.47,4.04,5.00,4.04,4.00
50.50,4.05,5.00,4.05,4.00
50.53,4.05,5.00,4.05,4.00
50.56,4.05,5.00,4.05,4.00
50.59,4.06,5.00,4.06,4.00
50.62,4.06,5.00,4.06,4.00
50.66,4.06,5.00,4.06,4.00
50.69,4.07,5.00,4.07,4.00
50.72,4.07,5.00,4.07,4.00
50.75,4.07,5.00,4.07,4.00
50.78,4.07,5.00,4.07,4.00
50.81,4.08,5.00,4.08,4.00
50.84,4.08,5.00,4.08,4.00
50.88,4.08,5.00,4.08,4.00
50.91,4.09,5.00,4.09,4.00
50.94,4.09,5.00,4.09,4.00
50.97,4.09,5.00,4.09,4.00
51.00,4.10,5.00,4.10,4.00
51.03,4.10,5.00,4.10,4.00
51.06,4.10,5.00,4.10,4.00
51.09,4.11,5.00,4.11,4.00
51.12,4.11,5.00,4.11,4.00
51.16,4.11,5.00,4.11,4.00
51.19,4.12,5.00,4.12,4.00
51.22,4.12,5.00,4.12,4.00
51.25,4.12,5.00,4.12,4.00
51.28,4.12,5.00,4.12,4.00
51.31,4.13,5.00,4.13,4.00
51.34,4.13,5.00,4.13,4.00
51.38,4.13,5.00,4.13,4.00
51.41,4.14,5.00,4.14,4.00
51.44,4.14,5.00,4.14,4.00
51.47,4.14,5.00,4.14,4.00
51.50,4.15,5.00,4.15,4.00
51.53,4.15,5.00,4.15,4.00
51.56,4.15,5.00,4.15,4.00
51.59,4.16,5.00,4.16,4.00
51.62,4.16,5.00,4.16,4.00
51.66,4.16,5.00,4.16,4.00
51.69,4.17,5.00,4.17,4.00
51.72,4.17,5.00,4.17,4.00
51.75,4.17,5.00,4.17,4.00
51.78,4.17,5.00,4.17,4.00
51.81,4.18,5.00,4.18,4.00
51.84,4.18,5.00,4.18,4.00
51.88,4.18,5.00,4.18,4.00
51.91,4.19,5.00,4.19,4.00
51.94,4.19,5.00,4.19,4.00
51.97,4.19,5.00,4.19,4.00
52.00,4.20,5.00,4.20,4.00
52.03,4.20,5.00,4.20,4.00
52.06,4.20,5.00,4.20,4.00
52.09,4.21,5.00,4.21,4.00
52.12,4.21,5.00,4.21,4.00
52.16,4.21,5.00,4.21,4.00
52.19,4.22,5.00,4.22,4.00
52.22,4.22,5.00,4.22,4.00
52.25,4.22,5.00,4.22,4.00
52.28,4.22,5.00,4.22,4.00
52.31,4.23,5.00,4.23,4.00
52.34,4.23,5.00,4.23,4.00
52.38,4.23,5.00,4.23,4.00
52.41,4.24,5.00,4.24,4.00
52.44,4.24,5.00,4.24,4.00
52.47,4.24,5.00,4.24,4.00
52.50,4.25,5.00,4.25,4.00
52.53,4.25,5.00,4.25,4.00
52.56,4.25,5.00,4.25,4.00
52.59,4.26,5.00,4.26,4.00
52.62,4.26,5.00,4.26,4.00
52.66,4.26,5.00,4.26,4.00
52.69,4.27,5.00,4.27,4.00
52.72,4.27,5.00,4.27,4.00
52.75,4.27,5.00,4.27,4.00
52.78,4.27,5.00,4.27,4.00
52.81,4.28,5.00,4.28,4.00
52.84,4.28,5.00,4.28,4.00
52.88,4.28,5.00,4.28,4.00
52.91,4.29,5.00,4.29,4.00
52.94,4.29,5.00,4.29,4.00
52.97,4.29,5.00,4.29,4.00
53.00,4.30,5.00,4.30,4.00
53.03,4.30,5.00,4.30,4.00
53.06,4.30,5.00,4.30,4.00
53.09,4.31,5.00,4.31,4.00
53.12,4.31,5.00,4.31,4.00
53.16,4.31,5.00,4.31,4.00
53.19,4.32,5.00,4.32,4.00
53.22,4.32,5.00,4.32,4.00
53.25,4.32,5.00,4.32,4.00
53.28,4.32,5.00,4.32,4.00
53.31,4.33,5.00,4.33,4.00
53.34,4.33,5.00,4.33,4.00
53.38,4.33,5.00,4.33,4.00
53.41,4.34,5.00,4.34,4.00
53.44,4.34,5.00,4.34,4.00
53.47,4.34,5.00,4.34,4.00
53.50,4.35,5.00,4.35,4.00
53.53,4.35,5.00,4.35,4.00
53.56,4.35,5.00,4.35,4.00
53.59,4.36,5.00,4.36,4.00
53.62,4.36,5.00,4.36,4.00
53.66,4.36,5.00,4.36,4.00
53.69,4.37,5.00,4.37,4.00
53.72,4.37,5.00,4.37,4.00
53.75,4.37,5.00,4.37,4.00
53.78,4.37,5.00,4.37,4.00
53.81,4.38,5.00,4.38,4.00
53.84,4.38,5.00,4.38,4.00
53.88,4.38,5.00,4.38,4.00
53.91,4.39,5.00,4.39,4.00
53.94,4.39,5.00,4.39,4.00
53.97,4.39,5.00,4.39,4.00
54.00,4.40,5.00,4.40,4.00
54.03,4.40,5.00,4.40,4.00
54.06,4.40,5.00,4.40,4.00
54.09,4.41,5.00,4.41,4.00
54.12,4.41,5.00,4.41,4.00
54.16,4.41,5.00,4.41,4.00
54.19,4.42,5.00,4.42,4.00
54.22,4.42,5.00,4.42,4.00
54.25,4.42,5.00,4.42,4.00
54.28,4.42,5.00,4.42,4.00
54.31,4.43,5.00,4.43,4.00
54.34,4.43,5.00,4.43,4.00
54.38,4.43,5.00,4.43,4.00
54.41,4.44,5.00,4.44,4.00
54.44,4.44,5.00,4.44,4.00
54.47,4.44,5.00,4.44,4.00
54.50,4.45,5.00,4.45,4.00
54.53,4.45,5.00,4.45,4.00
54.56,4.45,5.00,4.45,4.00
54.59,4.46,5.00,4.46,4.00
54.62,4.46,5.00,4.46,4.00
54.66,4.46,5.00,4.46,4.00
54.69,4.47,5.00,4.47,4.00
54.72,4.47,5.00,4.47,4.00
54.75,4.47,5.00,4.47,4.00
54.78,4.47,5.00,4.47,4.00
54.81,4.48,5.00,4.48,4.00
54.84,4.48,5.00,4.48,4.00
54.88,4.48,5.00,4.48,4.00
54.91,4.49,5.00,4.49,4.00
54.94,4.49,5.00,4.49,4.00
54.97,4.49,5.00,4.49,4.00
55.00,4.50,5.00,4.50,4.00
55.03,4.50,5.00,4.50,4.00
55.06,4.50,5.00,4.50,4.00
55.09,4.51,5.00,4.51,4.00
55.12,4.51,5.00,4.51,4.00
55.16,4.51,5.00,4.51,4.00
55.19,4.52,5.00,4.52,4.00
55.22,4.52,5.00,4.52,4.00
55.25,4.52,5.00,4.52,4.00
55.28,4.52,5.00,4.52,4.00
55.31,4.53,5.00,4.53,4.00
55.34,4.53,5.00,4.53,4.00
55.38,4.53,5.00,4.53,4.00
55.41,4.54,5.00,4.54,4.00
55.44,4.54,5.00,4.54,4.00
55.47,4.54,5.00,4.54,4.00
55.50,4.55,5.00,4.55,4.00
55.53,4.55,5.00,4.55,4.00
55.56,4.55,5.00,4.55,4.00
55.59,4.56,5.00,4.56,4.00
55.62,4.56,5.00,4.56,4.00
55.66,4.56,5.00,4.56,4.00
55.69,4.57,5.00,4.57,4.00
55.72,4.57,5.00,4.57,4.00
55.75,4.57,5.00,4.57,4.00
55.78,4.57,5.00,4.57,4.00
55.81,4.58,5.00,4.58,4.00
55.84,4.58,5.00,4.58,4.00
55.88,4.58,5.00,4.58,4.00
55.91,4.59,5.00,4.59,4.00
55.94,4.59,5.00,4.59,4.00
55.97,4.59,5.00,4.59,4.00
56.00,4.60,5.00,4.60,4.00
56.03,4.60,5.00,4.60,4.00
56.06,4.60,5.00,4.60,4.00
56.09,4.61,5.00,4.61,4.00
56.12,4.61,5.00,4.61,4.00
56.16,4.61,5.00,4.61,4.00
56.19,4.62,5.00,4.62,4.00
56.22,4.62,5.00,4.62,4.00
56.25,4.62,5.00,4.62,4.00
56.28,4.62,5.00,4.62,4.00
56.31,4.63,5.00,4.63,4.00
56.34,4.63,5.00,4.63,4.00
56.38,4.63,5.00,4.63,4.00
56.41,4.64,5.00,4.64,4.00
56.44,4.64,5.00,4.64,4.00
56.47,4.64,5.00,4.64,4.00
56.50,4.65,5.00,4.65,4.00
56.53,4.65,5.00,4.65,4.00
56.56,4.65,5.00,4.65,4.00
56.59,4.66,5.00,4.66,4.00
56.62,4.66,5.00,4.66,4.00
56.66,4.66,5.00,4.66,4.00
56.69,4.67,5.00,4.67,4.00
56.72,4.67,5.00,4.67,4.00
56.75,4.67,5.00,4.67,4.00
56.78,4.67,5.00,4.67,4.00
56.81,4.68,5.00,4.68,4.00
56.84,4.68,5.00,4.68,4.00
56.88,4.68,5.00,4.68,4.00
56.91,4.69,5.00,4.69,4.00
56.94,4.69,5.00,4.69,4.00
56.97,4.69,5.00,4.69,4.00
57.00,4.70,5.00,4.70,4.00
57.03,4.70,5.00,4.70,4.00
57.06,4.70,5.00,4.70,4.00
57.09,4.71,5.00,4.71,4.00
57.12,4.71,5.00,4.71,4.00
57.16,4.71,5.00,4.71,4.00
57.19,4.72,5.00,4.72,4.00
57.22,4.72,5.00,4.72,4.00
57.25,4.72,5.00,4.72,4.00
57.28,4.72,5.00,4.72,4.00
57.31,4.73,5.00,4.73,4.00
57.34,4.73,5.00,4.73,4.00
57.38,4.73,5.00,4.73,4.00
57.41,4.74,5.00,4.74,4.00
57.44,4.74,5.00,4.74,4.00
57.47,4.74,5.00,4.74,4.00
57.50,4.75,5.00,4.75,4.00
57.53,4.75,5.00,4.75,4.00
57.56,4.75,5.00,4.75,4.00
57.59,4.76,5.00,4.76,4.00
57.62,4.76,5.00,4.76,4.00
57.66,4.76,5.00,4.76,4.00
57.69,4.77,5.00,4.77,4.00
57.72,4.77,5.00,4.77,4.00
57.75,4.77,5.00,4.77,4.00
57.78,4.77,5.00,4.77,4.00
57.81,4.78,5.00,4.78,4.00
57.84,4.78,5.00,4.78,4.00
57.88,4.78,5.00,4.78,4.00
57.91,4.79,5.00,4.79,4.00
57.94,4.79,5.00,4.79,4.00
57.97,4.79,5.00,4.79,4.00
58.00,4.80,5.00,4.80,4.00
58.03,4.80,5.00,4.80,4.00
58.06,4.80,5.00,4.80,4.00
58.09,4.81,5.00,4.81,4.00
58.12,4.81,5.00,4.81,4.00
58.16,4.81,5.00,4.81,4.00
58.19,4.82,5.00,4.82,4.00
58.22,4.82,5.00,4.82,4.00
58.25,4.82,5.00,4.82,4.00
58.28,4.82,5.00,4.82,4.00
58.31,4.83,5.00,4.83,4.00
58.34,4.83,5.00,4.83,4.00
58.38,4.83,5.00,4.83,4.00
58.41,4.84,5.00,4.84,4.00
58.44,4.84,5.00,4.84,4.00
58.47,4.84,5.00,4.84,4.00
58.50,4.85,5.00,4.85,4.00
58.53,4.85,5.00,4.85,4.00
58.56,4.85,5.00,4.85,4.00
58.59,4.86,5.00,4.86,4.00
58.62,4.86,5.00,4.86,4.00
58.66,4.86,5.00,4.86,4.00
58.69,4.87,5.00,4.87,4.00
58.72,4.87,5.00,4.87,4.00
58.75,4.87,5.00,4.87,4.00
58.78,4.87,5.00,4.87,4.00
58.81,4.88,5.00,4.88,4.00
58.84,4.88,5.00,4.88,4.00
58.88,4.88,5.00,4.88,4.00
58.91,4.89,5.00,4.89,4.00
58.94,4.89,5.00,4.89,4.00
58.97,4.89,5.00,4.89,4.00
59.00,4.90,5.00,4.90,4.00
59.03,4.90,5.00,4.90,4.00
59.06,4.90,5.00,4.90,4.00
59.09,4.91,5.00,4.91,4.00
59.12,4.91,5.00,4.91,4.00
59.16,4.91,5.00,4.91,4.00
59.19,4.92,5.00,4.92,4.00
59.22,4.92,5.00,4.92,4.00
59.25,4.92,5.00,4.92,4.00
59.28,4.92,5.00,4.92,4.00
59.31,4.93,5.00,4.93,4.00
59.34,4.93,5.00,4.93,4.00
59.38,4.93,5.00,4.93,4.00
59.41,4.94,5.00,4.94,4.00
59.44,4.94,5.00,4.94,4.00
59.47,4.94,5.00,4.94,4.00
59.50,4.95,5.00,4.95,4.00
59.53,4.95,5.00,4.95,4.00
59.56,4.95,5.00,4.95,4.00
59.59,4.96,5.00,4.96,4.00
59.62,4.96,5.00,4.96,4.00
59.66,4.96,5.00,4.96,4.00
59.69,4.97,5.00,4.97,4.00
59.72,4.97,5.00,4.97,4.00
59.75,4.97,5.00,4.97,4.00
59.78,4.97,5.00,4.97,4.00
59.81,4.98,5.00,4.98,4.00
59.84,4.98,5.00,4.98,4.00
59.88,4.98,5.00,4.98,4.00
59.91,4.99,5.00,4.99,4.00
59.94,4.99,5.00,4.99,4.00
59.97,4.99,5.00,4.99,4.00
60.00,5.00,5.00,5.00,4.00
60.03,5.00,5.00,5.00,4.00
60.06,5.00,5.00,5.00,4.00
60.09,5.01,5.00,5.01,4.00
60.12,5.01,5.00,5.01,4.00
60.16,5.01,5.00,5.01,4.00
60.19,5.02,5.00,5.02,4.00
60.22,5.02,5.00,5.02,4.00
60.25,5.02,5.00,5.02,4.00
60.28,5.02,5.00,5.02,4.00
60.31,5.03,5.00,5.03,4.00
60.34,5.03,5.00,5.03,4.00
60.38,5.03,5.00,5.03,4.00
60.41,5.04,5.00,5.04,4.00
60.44,5.04,5.00,5.04,4.00
60.47,5.04,5.00,5.04,4.00
60.50,5.05,5.00,5.05,4.00
60.53,5.05,5.00,5.05,4.00
60.56,5.05,5.00,5.05,4.00
60.59,5.06,5.00,5.06,4.00
60.62,5.06,5.00,5.06,4.00
60.66,5.06,5.00,5.06,4.00
60.69,5.07,5.00,5.07,4.00
60.72,5.07,5.00,5.07,4.00
60.75,5.07,5.00,5.07,4.00
60.78,5.07,5.00,5.07,4.00
60.81,5.08,5.00,5.08,4.00
60.84,5.08,5.00,5.08,4.00
60.88,5.08,5.00,5.08,4.00
60.91,5.09,5.00,5.09,4.00
60.94,5.09,5.00,5.09,4.00
60.97,5.09,5.00,5.09,4.00
61.00,5.10,5.00,5.10,4.00
61.03,5.10,5.00,5.10,4.00
61.06,5.10,5.00,5.10,4.00
61.09,5.11,5.00,5.11,4.00
61.12,5.11,5.00,5.11,4.00
61.16,5.11,5.00,5.11,4.00
61.19,5.12,5.00,5.12,4.00
61.22,5.12,5.00,5.12,4.00
61.25,5.12,5.00,5.12,4.00
61.28,5.12,5.00,5.12,4.00
61.31,5.13,5.00,5.13,4.00
61.34,5.13,5.00,5.13,4.00
61.38,5.13,5.00,5.13,4.00
61.41,5.14,5.00,5.14,4.00
61.44,5.14,5.00,5.14,4.00
61.47,5.14,5.00,5.14,4.00
61.50,5.15,5.00,5.15,4.00
61.53,5.15,5.00,5.15,4.00
61.56,5.15,5.00,5.15,4.00
61.59,5.16,5.00,5.16,4.00
61.62,5.16,5.00,5.16,4.00
61.66,5.16,5.00,5.16,4.00
61.69,5.17,5.00,5.17,4.00
61.72,5.17,5.00,5.17,4.00
61.75,5.17,5.00,5.17,4.00
61.78,5.17,5.00,5.17,4.00
61.81,5.18,5.00,5.18,4.00
61.84,5.18,5.00,5.18,4.00
61.88,5.18,5.00,5.18,4.00
61.91,5.19,5.00,5.19,4.00
61.94,5.19,5.00,5.19,4.00
61.97,5.19,5.00,5.19,4.00
62.00,5.20,5.00,5.20,4.00
62.03,5.20,5.00,5.20,4.00
62.06,5.20,5.00,5.20,4.00
62.09,5.21,5.00,5.21,4.00
62.12,5.21,5.00,5.21,4.00
62.16,5.21,5.00,5.21,4.00
62.19,5.22,5.00,5.22,4.00
62.22,5.22,5.00,5.22,4.00
62.25,5.22,5.00,5.22,4.00
62.28,5.22,5.00,5.22,4.00
62.31,5.23,5.00,5.23,4.00
62.34,5.23,5.00,5.23,4.00
62.38,5.23,5.00,5.23,4.00
62.41,5.24,5.00,5.24,4.00
62.44,5.24,5.00,5.24,4.00
62.47,5.24,5.00,5.24,4.00
62.50,5.25,5.00,5.25,4.00
62.53,5.25,5.00,5.25,4.00
62.56,5.25,5.00,5.25,4.00
62.59,5.26,5.00,5.26,4.00
62.62,5.26,5.00,5.26,4.00
62.66,5.26,5.00,5.26,4.00
62.69,5.27,5.00,5.27,4.00
62.72,5.27,5.00,5.27,4.00
62.75,5.27,5.00,5.27,4.00
62.78,5.27,5.00,5.27,4.00
62.81,5.28,5.00,5.28,4.00
62.84,5.28,5.00,5.28,4.00
62.88,5.28,5.00,5.28,4.00
62.91,5.29,5.00,5.29,4.00
62.94,5.29,5.00,5.29,4.00
62.97,5.29,5.00,5.29,4.00
63.00,5.30,5.00,5.30,4.00
63.03,5.30,5.00,5.30,4.00
63.06,5.30,5.00,5.30,4.00
63.09,5.31,5.00,5.31,4.00
63.12,5.31,5.00,5.31,4.00
63.16,5.31,5.00,5.31,4.00
63.19,5.32,5.00,5.32,4.00
63.22,5.32,5.00,5.32,4.00
63.25,5.32,5.00,5.32,4.00
63.28,5.32,5.00,5.32,4.00
63.31,5.33,5.00,5.33,4.00
63.34,5.33,5.00,5.33,4.00
63.38,5.33,5.00,5.33,4.00
63.41,5.34,5.00,5.34,4.00
63.44,5.34,5.00,5.34,4.00
63.47,5.34,5.00,5.34,4.00
63.50,5.35,5.00,5.35,4.00
63.53,5.35,5.00,5.35,4.00
63.56,5.35,5.00,5.35,4.00
63.59,5.36,5.00,5.36,4.00
63.62,5.36,5.00,5.36,4.00
63.66,5.36,5.00,5.36,4.00
63.69,5.37,5.00,5.37,4.00
63.72,5.37,5.00,5.37,4.00
63.75,5.37,5.00,5.37,4.00
63.78,5.37,5.00,5.37,4.00
63.81,5.38,5.00,5.38,4.00
63.84,5.38,5.00,5.38,4.00
63.88,5.38,5.00,5.38,4.00
63.91,5.39,5.00,5.39,4.00
63.94,5.39,5.00,5.39,4.00
63.97,5.39,5.00,5.39,4.00
64.00,5.40,5.00,5.40,4.00
64.03,5.40,5.00,5.40,4.00
64.06,5.40,5.00,5.40,4.00
64.09,5.41,5.00,5.41,4.00
64.12,5.41,5.00,5.41,4.00
64.16,5.41,5.00,5.41,4.00
64.19,5.42,5.00,5.42,4.00
64.22,5.42,5.00,5.42,4.00
64.25,5.42,5.00,5.42,4.00
64.28,5.42,5.00,5.42,4.00
64.31,5.43,5.00,5.43,4.00
64.34,5.43,5.00,5.43,4.00
64.38,5.43,5.00,5.43,4.00
64.41,5.44,5.00,5.44,4.00
64.44,5.44,5.00,5.44,4.00
64.47,5.44,5.00,5.44,4.00
64.50,5.45,5.00,5.45,4.00
64.53,5.45,5.00,5.45,4.00
64.56,5.45,5.00,5.45,4.00
64.59,5.46,5.00,5.46,4.00
64.62,5.46,5.00,5.46,4.00
64.66,5.46,5.00,5.46,4.00
64.69,5.47,5.00,5.47,4.00
64.72,5.47,5.00,5.47,4.00
64.75,5.47,5.00,5.47,4.00
64.78,5.47,5.00,5.47,4.00
64.81,5.48,5.00,5.48,4.00
64.84,5.48,5.00,5.48,4.00
64.88,5.48,5.00,5.48,4.00
64.91,5.49,5.00,5.49,4.00
64.94,5.49,5.00,5.49,4.00
64.97,5.49,5.00,5.49,4.00
65.00,5.50,5.00,5.50,4.00
65.03,5.50,5.00,5.50,4.00
65.06,5.50,5.00,5.50,4.00
65.09,5.51,5.00,5.51,4.00
65.12,5.51,5.00,5.51,4.00
65.16,5.51,5.00,5.51,4.00
65.19,5.52,5.00,5.52,4.00
65.22,5.52,5.00,5.52,4.00
65.25,5.52,5.00,5.52,4.00
65.28,5.52,5.00,5.52,4.00
65.31,5.53,5.00,5.53,4.00
65.34,5.53,5.00,5.53,4.00
65.38,5.53,5.00,5.53,4.00
65.41,5.54,5.00,5.54,4.00
65.44,5.54,5.00,5.54,4.00
65.47,5.54,5.00,5.54,4.00
65.50,5.55,5.00,5.55,4.00
65.53,5.55,5.00,5.55,4.00
65.56,5.55,5.00,5.55,4.00
65.59,5.56,5.00,5.56,4.00
65.62,5.56,5.00,5.56,4.00
65.66,5.56,5.00,5.56,4.00
65.69,5.57,5.00,5.57,4.00
65.72,5.57,5.00,5.57,4.00
65.75,5.57,5.00,5.57,4.00
65.78,5.57,5.00,5.57,4.00
65.81,5.58,5.00,5.58,4.00
65.84,5.58,5.00,5.58,4.00
65.88,5.58,5.00,5.58,4.00
65.91,5.59,5.00,5.59,4.00
65.94,5.59,5.00,5.59,4.00
65.97,5.59,5.00,5.59,4.00
66.00,5.60,5.00,5.60,4.00
66.03,5.60,5.00,5.60,4.00
66.06,5.60,5.00,5.60,4.00
66.09,5.61,5.00,5.61,4.00
66.12,5.61,5.00,5.61,4.00
66.16,5.61,5.00,5.61,4.00
66.19,5.62,5.00,5.62,4.00
66.22,5.62,5.00,5.62,4.00
66.25,5.62,5.00,5.62,4.00
66.28,5.62,5.00,5.62,4.00
66.31,5.63,5.00,5.63,4.00
66.34,5.63,5.00,5.63,4.00
66.38,5.63,5.00,5.63,4.00
66.41,5.64,5.00,5.64,4.00
66.44,5.64,5.00,5.64,4.00
66.47,5.64,5.00,5.64,4.00
66.50,5.65,5.00,5.65,4.00
66.53,5.65,5.00,5.65,4.00
66.56,5.65,5.00,5.65,4.00
66.59,5.66,5.00,5.66,4.00
66.62,5.66,5.00,5.66,4.00
66.66,5.66,5.00,5.66,4.00
66.69,5.67,5.00,5.67,4.00
66.72,5.67,5.00,5.67,4.00
66.75,5.67,5.00,5.67,4.00
66.78,5.67,5.00,5.67,4.00
66.81,5.68,5.00,5.68,4.00
66.84,5.68,5.00,5.68,4.00
66.88,5.68,5.00,5.68,4.00
66.91,5.69,5.00,5.69,4.00
66.94,5.69,5.00,5.69,4.00
66.97,5.69,5.00,5.69,4.00
67.00,5.70,5.00,5.70,4.00
67.03,5.70,5.00,5.70,4.00
67.06,5.70,5.00,5.70,4.00
67.09,5.71,5.00,5.71,4.00
67.12,5.71,5.00,5.71,4.00
67.16,5.71,5.00,5.71,4.00
67.19,5.72,5.00,5.72,4.00
67.22,5.72,5.00,5.72,4.00
67.25,5.72,5.00,5.72,4.00
67.28,5.72,5.00,5.72,4.00
67.31,5.73,5.00,5.73,4.00
67.34,5.73,5.00,5.73,4.00
67.38,5.73,5.00,5.73,4.00
67.41,5.74,5.00,5.74,4.00
67.44,5.74,5.00,5.74,4.00
67.47,5.74,5.00,5.74,4.00
67.50,5.75,5.00,5.75,4.00
67.53,5.75,5.00,5.75,4.00
67.56,5.75,5.00,5.75,4.00
67.59,5.76,5.00,5.76,4.00
67.62,5.76,5.00,5.76,4.00
67.66,5.76,5.00,5.76,4.00
67.69,5.77,5.00,5.77,4.00
67.72,5.77,5.00,5.77,4.00
67.75,5.77,5.00,5.77,4.00
67.78,5.77,5.00,5.77,4.00
67.81,5.78,5.00,5.78,4.00
67.84,5.78,5.00,5.78,4.00
67.88,5.78,5.00,5.78,4.00
67.91,5.79,5.00,5.79,4.00
67.94,5.79,5.00,5.79,4.00
67.97,5.79,5.00,5.79,4.00
68.00,5.80,5.00,5.80,4.00
68.03,5.80,5.00,5.80,4.00
68.06,5.80,5.00,5.80,4.00
68.09,5.81,5.00,5.81,4.00
68.12,5.81,5.00,5.81,4.00
68.16,5.81,5.00,5.81,4.00
68.19,5.82,5.00,5.82,4.00
68.22,5.82,5.00,5.82,4.00
68.25,5.82,5.00,5.82,4.00
68.28,5.82,5.00,5.82,4.00
68.31,5.83,5.00,5.83,4.00
68.34,5.83,5.00,5.83,4.00
68.38,5.83,5.00,5.83,4.00
68.41,5.84,5.00,5.84,4.00
68.44,5.84,5.00,5.84,4.00
68.47,5.84,5.00,5.84,4.00
68.50,5.85,5.00,5.85,4.00
68.53,5.85,5.00,5.85,4.00
68.56,5.85,5.00,5.85,4.00
68.59,5.86,5.00,5.86,4.00
68.62,5.86,5.00,5.86,4.00
68.66,5.86,5.00,5.86,4.00
68.69,5.87,5.00,5.87,4.00
68.72,5.87,5.00,5.87,4.00
68.75,5.87,5.00,5.87,4.00
68.78,5.87,5.00,5.87,4.00
68.81,5.88,5.00,5.88,4.00
68.84,5.88,5.00,5.88,4.00
68.88,5.88,5.00,5.88,4.00
68.91,5.89,5.00,5.89,4.00
68.94,5.89,5.00,5.89,4.00
68.97,5.89,5.00,5.89,4.00
69.00,5.90,5.00,5.90,4.00
69.03,5.90,5.00,5.90,4.00
69.06,5.90,5.00,5.90,4.00
69.09,5.91,5.00,5.91,4.00
69.12,5.91,5.00,5.91,4.00
69.16,5.91,5.00,5.91,4.00
69.19,5.92,5.00,5.92,4.00
69.22,5.92,5.00,5.92,4.00
69.25,5.92,5.00,5.92,4.00
69.28,5.92,5.00,5.92,4.00
69.31,5.93,5.00,5.93,4.00
69.34,5.93,5.00,5.93,4.00
69.38,5.93,5.00,5.93,4.00
69.41,5.94,5.00,5.94,4.00
69.44,5.94,5.00,5.94,4.00
69.47,5.94,5.00,5.94,4.00
69.50,5.95,5.00,5.95,4.00
69.53,5.95,5.00,5.95,4.00
69.56,5.95,5.00,5.95,4.00
69.59,5.96,5.00,5.96,4.00
69.62,5.96,5.00,5.96,4.00
69.66,5.96,5.00,5.96,4.00
69.69,5.97,5.00,5.97,4.00
69.72,5.97,5.00,5.97,4.00
69.75,5.97,5.00,5.97,4.00
69.78,5.97,5.00,5.97,4.00
69.81,5.98,5.00,5.98,4.00
69.84,5.98,5.00,5.98,4.00
69.88,5.98,5.00,5.98,4.00
69.91,5.99,5.00,5.99,4.00
69.94,5.99,5.00,5.99,4.00
69.97,5.99,5.00,5.99,4.00
70.00,6.00,5.00,6.00,4.00
70.03,6.00,5.00,6.00,4.00
70.06,6.00,5.00,6.00,4.00
70.09,6.01,5.00,6.01,4.00
70.12,6.01,5.00,6.01,4.00
70.16,6.01,5.00,6.01,4.00
70.19,6.02,5.00,6.02,4.00
70.22,6.02,5.00,6.02,4.00
70.25,6.02,5.00,6.02,4.00
70.28,6.02,5.00,6.02,4.00
70.31,6.03,5.00,6.03,4.00
70.34,6.03,5.00,6.03,4.00
70.38,6.03,5.00,6.03,4.00
70.41,6.04,5.00,6.04,4.00
70.44,6.04,5.00,6.04,4.00
70.47,6.04,5.00,6.04,4.00
70.50,6.05,5.00,6.05,4.00
70.53,6.05,5.00,6.05,4.00
70.56,6.05,5.00,6.05,4.00
70.59,6.06,5.00,6.06,4.00
70.62,6.06,5.00,6.06,4.00
70.66,6.06,5.00,6.06,4.00
70.69,6.07,5.00,6.07,4.00
70.72,6.07,5.00,6.07,4.00
70.75,6.07,5.00,6.07,4.00
70.78,6.07,5.00,6.07,4.00
70.81,6.08,5.00,6.08,4.00
70.84,6.08,5.00,6.08,4.00
70.88,6.08,5.00,6.08,4.00
70.91,6.09,5.00,6.09,4.00
70.94,6.09,5.00,6.09,4.00
70.97,6.09,5.00,6.09,4.00
71.00,6.10,5.00,6.10,4.00
71.03,6.10,5.00,6.10,4.00
71.06,6.10,5.00,6.10,4.00
71.09,6.11,5.00,6.11,4.00
71.12,6.11,5.00,6.11,4.00
71.16,6.11,5.00,6.11,4.00
71.19,6.12,5.00,6.12,4.00
71.22,6.12,5.00,6.12,4.00
71.25,6.12,5.00,6.12,4.00
71.28,6.12,5.00,6.12,4.00
71.31,6.13,5.00,6.13,4.00
71.34,6.13,5.00,6.13,4.00
71.38,6.13,5.00,6.13,4.00
71.41,6.14,5.00,6.14,4.00
71.44,6.14,5.00,6.14,4.00
71.47,6.14,5.00,6.14,4.00
71.50,6.15,5.00,6.15,4.00
71.53,6.15,5.00,6.15,4.00
71.56,6.15,5.00,6.15,4.00
71.59,6.16,5.00,6.16,4.00
71.62,6.16,5.00,6.16,4.00
71.66,6.16,5.00,6.16,4.00
71.69,6.17,5.00,6.17,4.00
71.72,6.17,5.00,6.17,4.00
71.75,6.17,5.00,6.17,4.00
71.78,6.17,5.00,6.17,4.00
71.81,6.18,5.00,6.18,4.00
71.84,6.18,5.00,6.18,4.00
71.88,6.18,5.00,6.18,4.00
71.91,6.19,5.00,6.19,4.00
71.94,6.19,5.00,6.19,4.00
71.97,6.19,5.00,6.19,4.00
72.00,6.20,5.00,6.20,4.00
72.03,6.20,5.00,6.20,4.00
72.06,6.20,5.00,6.20,4.00
72.09,6.21,5.00,6.21,4.00
72.12,6.21,5.00,6.21,4.00
72.16,6.21,5.00,6.21,4.00
72.19,6.22,5.00,6.22,4.00
72.22,6.22,5.00,6.22,4.00
72.25,6.22,5.00,6.22,4.00
72.28,6.22,5.00,6.22,4.00
72.31,6.23,5.00,6.23,4.00
72.34,6.23,5.00,6.23,4.00
72.38,6.23,5.00,6.23,4.00
72.41,6.24,5.00,6.24,4.00
72.44,6.24,5.00,6.24,4.00
72.47,6.24,5.00,6.24,4.00
72.50,6.25,5.00,6.25,4.00
72.53,6.25,5.00,6.25,4.00
72.56,6.25,5.00,6.25,4.00
72.59,6.26,5.00,6.26,4.00
72.62,6.26,5.00,6.26,4.00
72.66,6.26,5.00,6.26,4.00
72.69,6.27,5.00,6.27,4.00
72.72,6.27,5.00,6.27,4.00
72.75,6.27,5.00,6.27,4.00
72.78,6.27,5.00,6.27,4.00
72.81,6.28,5.00,6.28,4.00
72.84,6.28,5.00,6.28,4.00
72.88,6.28,5.00,6.28,4.00
72.91,6.29,5.00,6.29,4.00
72.94,6.29,5.00,6.29,4.00
72.97,6.29,5.00,6.29,4.00
73.00,6.30,5.00,6.30,4.00
73.03,6.30,5.00,6.30,4.00
73.06,6.30,5.00,6.30,4.00
73.09,6.31,5.00,6.31,4.00
73.12,6.31,5.00,6.31,4.00
73.16,6.31,5.00,6.31,4.00
73.19,6.32,5.00,6.32,4.00
73.22,6.32,5.00,6.32,4.00
73.25,6.32,5.00,6.32,4.00
73.28,6.32,5.00,6.32,4.00
73.31,6.33,5.00,6.33,4.00
73.34,6.33,5.00,6.33,4.00
73.38,6.33,5.00,6.33,4.00
73.41,6.34,5.00,6.34,4.00
73.44,6.34,5.00,6.34,4.00
73.47,6.34,5.00,6.34,4.00
73.50,6.35,5.00,6.35,4.00
73.53,6.35,5.00,6.35,4.00
73.56,6.35,5.00,6.35,4.00
73.59,6.36,5.00,6.36,4.00
73.62,6.36,5.00,6.36,4.00
73.66,6.36,5.00,6.36,4.00
73.69,6.37,5.00,6.37,4.00
73.72,6.37,5.00,6.37,4.00
73.75,6.37,5.00,6.37,4.00
73.78,6.37,5.00,6.37,4.00
73.81,6.38,5.00,6.38,4.00
73.84,6.38,5.00,6.38,4.00
73.88,6.38,5.00,6.38,4.00
73.91,6.39,5.00,6.39,4.00
73.94,6.39,5.00,6.39,4.00
73.97,6.39,5.00,6.39,4.00
74.00,6.40,5.00,6.40,4.00
74.03,6.40,5.00,6.40,4.00
74.06,6.40,5.00,6.40,4.00
74.09,6.41,5.00,6.41,4.00
74.12,6.41,5.00,6.41,4.00
74.16,6.41,5.00,6.41,4.00
74.19,6.42,5.00,6.42,4.00
74.22,6.42,5.00,6.42,4.00
74.25,6.42,5.00,6.42,4.00
74.28,6.42,5.00,6.42,4.00
74.31,6.43,5.00,6.43,4.00
74.34,6.43,5.00,6.43,4.00
74.38,6.43,5.00,6.43,4.00
74.41,6.44,5.00,6.44,4.00
74.44,6.44,5.00,6.44,4.00
74.47,6.44,5.00,6.44,4.00
74.50,6.45,5.00,6.45,4.00
74.53,6.45,5.00,6.45,4.00
74.56,6.45,5.00,6.45,4.00
74.59,6.46,5.00,6.46,4.00
74.62,6.46,5.00,6.46,4.00
74.66,6.46,5.00,6.46,4.00
74.69,6.47,5.00,6.47,4.00
74.72,6.47,5.00,6.47,4.00
74.75,6.47,5.00,6.47,4.00
74.78,6.47,5.00,6.47,4.00
74.81,6.48,5.00,6.48,4.00
74.84,6.48,5.00,6.48,4.00
74.88,6.48,5.00,6.48,4.00
74.91,6.49,5.00,6.49,4.00
74.94,6.49,5.00,6.49,4.00
74.97,6.49,5.00,6.49,4.00
75.00,6.50,5.00,6.50,4.00
75.03,6.50,5.00,6.50,4.00
75.06,6.50,5.00,6.50,4.00
75.09,6.51,5.00,6.51,4.00
75.12,6.51,5.00,6.51,4.00
75.16,6.51,5.00,6.51,4.00
75.19,6.52,5.00,6.52,4.00
75.22,6.52,5.00,6.52,4.00
75.25,6.52,5.00,6.52,4.00
75.28,6.52,5.00,6.52,4.00
75.31,6.53,5.00,6.53,4.00
75.34,6.53,5.00,6.53,4.00
75.38,6.53,5.00,6.53,4.00
75.41,6.54,5.00,6.54,4.00
75.44,6.54,5.00,6.54,4.00
75.47,6.54,5.00,6.54,4.00
75.50,6.55,5.00,6.55,4.00
75.53,6.55,5.00,6.55,4.00
75.56,6.55,5.00,6.55,4.00
75.59,6.56,5.00,6.56,4.00
75.62,6.56,5.00,6.56,4.00
75.66,6.56,5.00,6.56,4.00
75.69,6.57,5.00,6.57,4.00
75.72,6.57,5.00,6.57,4.00
75.75,6.57,5.00,6.57,4.00
75.78,6.57,5.00,6.57,4.00
75.81,6.58,5.00,6.58,4.00
75.84,6.58,5.00,6.58,4.00
75.88,6.58,5.00,6.58,4.00
75.91,6.59,5.00,6.59,4.00
75.94,6.59,5.00,6.59,4.00
75.97,6.59,5.00,6.59,4.00
76.00,6.60,5.00,6.60,4.00
76.03,6.60,5.00,6.60,4.00
76.06,6.60,5.00,6.60,4.00
76.09,6.61,5.00,6.61,4.00
76.12,6.61,5.00,6.61,4.00
76.16,6.61,5.00,6.61,4.00
76.19,6.62,5.00,6.62,4.00
76.22,6.62,5.00,6.62,4.00
76.25,6.62,5.00,6.62,4.00
76.28,6.62,5.00,6.62,4.00
76.31,6.63,5.00,6.63,4.00
76.34,6.63,5.00,6.63,4.00
76.38,6.63,5.00,6.63,4.00
76.41,6.64,5.00,6.64,4.00
76.44,6.64,5.00,6.64,4.00
76.47,6.64,5.00,6.64,4.00
76.50,6.65,5.00,6.65,4.00
76.53,6.65,5.00,6.65,4.00
76.56,6.65,5.00,6.65,4.00
76.59,6.66,5.00,6.66,4.00
76.62,6.66,5.00,6.66,4.00
76.66,6.66,5.00,6.66,4.00
76.69,6.67,5.00,6.67,4.00
76.72,6.67,5.00,6.67,4.00
76.75,6.67,5.00,6.67,4.00
76.78,6.67,5.00,6.67,4.00
76.81,6.68,5.00,6.68,4.00
76.84,6.68,5.00,6.68,4.00
76.88,6.68,5.00,6.68,4.00
76.91,6.69,5.00,6.69,4.00
76.94,6.69,5.00,6.69,4.00
76.97,6.69,5.00,6.69,4.00
77.00,6.70,5.00,6.70,4.00
77.03,6.70,5.00,6.70,4.00
77.06,6.70,5.00,6.70,4.00
77.09,6.71,5.00,6.71,4.00
77.12,6.71,5.00,6.71,4.00
77.16,6.71,5.00,6.71,4.00
77.19,6.72,5.00,6.72,4.00
77.22,6.72,5.00,6.72,4.00
77.25,6.72,5.00,6.72,4.00
77.28,6.72,5.00,6.72,4.00
77.31,6.73,5.00,6.73,4.00
77.34,6.73,5.00,6.73,4.00
77.38,6.73,5.00,6.73,4.00
77.41,6.74,5.00,6.74,4.00
77.44,6.74,5.00,6.74,4.00
77.47,6.74,5.00,6.74,4.00
77.50,6.75,5.00,6.75,4.00
77.53,6.75,5.00,6.75,4.00
77.56,6.75,5.00,6.75,4.00
77.59,6.76,5.00,6.76,4.00
77.62,6.76,5.00,6.76,4.00
77.66,6.76,5.00,6.76,4.00
77.69,6.77,5.00,6.77,4.00
77.72,6.77,5.00,6.77,4.00
77.75,6.77,5.00,6.77,4.00
77.78,6.77,5.00,6.77,4.00
77.81,6.78,5.00,6.78,4.00
77.84,6.78,5.00,6.78,4.00
77.88,6.78,5.00,6.78,4.00
77.91,6.79,5.00,6.79,4.00
77.94,6.79,5.00,6.79,4.00
77.97,6.79,5.00,6.79,4.00
78.00,6.80,5.00,6.80,4.00
78.03,6.80,5.00,6.80,4.00
78.06,6.80,5.00,6.80,4.00
78.09,6.81,5.00,6.81,4.00
78.12,6.81,5.00,6.81,4.00
78.16,6.81,5.00,6.81,4.00
78.19,6.82,5.00,6.82,4.00
78.22,6.82,5.00,6.82,4.00
78.25,6.82,5.00,6.82,4.00
78.28,6.82,5.00,6.82,4.00
78.31,6.83,5.00,6.83,4.00
78.34,6.83,5.00,6.83,4.00
78.38,6.83,5.00,6.83,4.00
78.41,6.84,5.00,6.84,4.00
78.44,6.84,5.00,6.84,4.00
78.47,6.84,5.00,6.84,4.00
78.50,6.85,5.00,6.85,4.00
78.53,6.85,5.00,6.85,4.00
78.56,6.85,5.00,6.85,4.00
78.59,6.86,5.00,6.86,4.00
78.62,6.86,5.00,6.86,4.00
78.66,6.86,5.00,6.86,4.00
78.69,6.87,5.00,6.87,4.00
78.72,6.87,5.00,6.87,4.00
78.75,6.87,5.00,6.87,4.00
78.78,6.87,5.00,6.87,4.00
78.81,6.88,5.00,6.88,4.00
78.84,6.88,5.00,6.88,4.00
78.88,6.88,5.00,6.88,4.00
78.91,6.89,5.00,6.89,4.00
78.94,6.89,5.00,6.89,4.00
78.97,6.89,5.00,6.89,4.00
79.00,6.90,5.00,6.90,4.00
79.03,6.90,5.00,6.90,4.00
79.06,6.90,5.00,6.90,4.00
79.09,6.91,5.00,6.91,4.00
79.12,6.91,5.00,6.91,4.00
79.16,6.91,5.00,6.91,4.00
79.19,6.92,5.00,6.92,4.00
79.22,6.92,5.00,6.92,4.00
79.25,6.92,5.00,6.92,4.00
79.28,6.92,5.00,6.92,4.00
79.31,6.93,5.00,6.93,4.00
79.34,6.93,5.00,6.93,4.00
79.38,6.93,5.00,6.93,4.00
79.41,6.94,5.00,6.94,4.00
79.44,6.94,5.00,6.94,4.00
79.47,6.94,5.00,6.94,4.00
79.50,6.95,5.00,6.95,4.00
79.53,6.95,5.00,6.95,4.00
79.56,6.95,5.00,6.95,4.00
79.59,6.96,5.00,6.96,4.00
79.62,6.96,5.00,6.96,4.00
79.66,6.96,5.00,6.96,4.00
79.69,6.97,5.00,6.97,4.00
79.72,6.97,5.00,6.97,4.00
79.75,6.97,5.00,6.97,4.00
79.78,6.97,5.00,6.97,4.00
79.81,6.98,5.00,6.98,4.00
79.84,6.98,5.00,6.98,4.00
79.88,6.98,5.00,6.98,4.00
79.91,6.99,5.00,6.99,4.00
79.94,6.99,5.00,6.99,4.00
79.97,6.99,5.00,6.99,4.00
80.00,7.00,5.00,7.00,4.00
80.03,7.00,5.00,7.00,4.00
80.06,7.00,5.00,7.00,4.00
80.09,7.01,5.00,7.01,4.00
80.12,7.01,5.00,7.01,4.00
80.16,7.01,5.00,7.01,4.00
80.19,7.02,5.00,7.02,4.00
80.22,7.02,5.00,7.02,4.00
80.25,7.02,5.00,7.02,4.00
80.28,7.02,5.00,7.02,4.00
80.31,7.03,5.00,7.03,4.00
80.34,7.03,5.00,7.03,4.00
80.38,7.03,5.00,7.03,4.00
80.41,7.04,5.00,7.04,4.00
80.44,7.04,5.00,7.04,4.00
80.47,7.04,5.00,7.04,4.00
80.50,7.05,5.00,7.05,4.00
80.53,7.05,5.00,7.05,4.00
80.56,7.05,5.00,7.05,4.00
80.59,7.06,5.00,7.06,4.00
80.62,7.06,5.00,7.06,4.00
80.66,7.06,5.00,7.06,4.00
80.69,7.07,5.00,7.07,4.00
80.72,7.07,5.00,7.07,4.00
80.75,7.07,5.00,7.07,4.00
80.78,7.07,5.00,7.07,4.00
80.81,7.08,5.00,7.08,4.00
80.84,7.08,5.00,7.08,4.00
80.88,7.08,5.00,7.08,4.00
80.91,7.09,5.00,7.09,4.00
80.94,7.09,5.00,7.09,4.00
80.97,7.09,5.00,7.09,4.00
81.00,7.10,5.00,7.10,4.00
81.03,7.10,5.00,7.10,4.00
81.06,7.10,5.00,7.10,4.00
81.09,7.11,5.00,7.11,4.00
81.12,7.11,5.00,7.11,4.00
81.16,7.11,5.00,7.11,4.00
81.19,7.12,5.00,7.12,4.00
81.22,7.12,5.00,7.12,4.00
81.25,7.12,5.00,7.12,4.00
81.28,7.12,5.00,7.12,4.00
81.31,7.13,5.00,7.13,4.00
81.34,7.13,5.00,7.13,4.00
81.38,7.13,5.00,7.13,4.00
81.41,7.14,5.00,7.14,4.00
81.44,7.14,5.00,7.14,4.00
81.47,7.14,5.00,7.14,4.00
81.50,7.15,5.00,7.15,4.00
81.53,7.15,5.00,7.15,4.00
81.56,7.15,5.00,7.15,4.00
81.59,7.16,5.00,7.16,4.00
81.62,7.16,5.00,7.16,4.00
81.66,7.16,5.00,7.16,4.00
81.69,7.17,5.00,7.17,4.00
81.72,7.17,5.00,7.17,4.00
81.75,7.17,5.00,7.17,4.00
81.78,7.17,5.00,7.17,4.00
81.81,7.18,5.00,7.18,4.00
81.84,7.18,5.00,7.18,4.00
81.88,7.18,5.00,7.18,4.00
81.91,7.19,5.00,7.19,4.00
81.94,7.19,5.00,7.19,4.00
81.97,7.19,5.00,7.19,4.00
82.00,7.20,5.00,7.20,4.00
82.03,7.20,5.00,7.20,4.00
82.06,7.20,5.00,7.20,4.00
82.09,7.21,5.00,7.21,4.00
82.12,7.21,5.00,7.21,4.00
82.16,7.21,5.00,7.21,4.00
82.19,7.22,5.00,7.22,4.00
82.22,7.22,5.00,7.22,4.00
82.25,7.22,5.00,7.22,4.00
82.28,7.22,5.00,7.22,4.00
82.31,7.23,5.00,7.23,4.00
82.34,7.23,5.00,7.23,4.00
82.38,7.23,5.00,7.23,4.00
82.41,7.24,5.00,7.24,4.00
82.44,7.24,5.00,7.24,4.00
82.47,7.24,5.00,7.24,4.00
82.50,7.25,5.00,7.25,4.00
82.53,7.25,5.00,7.25,4.00
82.56,7.25,5.00,7.25,4.00
82.59,7.26,5.00,7.26,4.00
82.62,7.26,5.00,7.26,4.00
82.66,7.26,5.00,7.26,4.00
82.69,7.27,5.00,7.27,4.00
82.72,7.27,5.00,7.27,4.00
82.75,7.27,5.00,7.27,4.00
82.78,7.27,5.00,7.27,4.00
82.81,7.28,5.00,7.28,4.00
82.84,7.28,5.00,7.28,4.00
82.88,7.28,5.00,7.28,4.00
82.91,7.29,5.00,7.29,4.00
82.94,7.29,5.00,7.29,4.00
82.97,7.29,5.00,7.29,4.00
83.00,7.30,5.00,7.30,4.00
83.03,7.30,5.00,7.30,4.00
83.06,7.30,5.00,7.30,4.00
83.09,7.31,5.00,7.31,4.00
83.12,7.31,5.00,7.31,4.00
83.16,7.31,5.00,7.31,4.00
83.19,7.32,5.00,7.32,4.00
83.22,7.32,5.00,7.32,4.00
83.25,7.32,5.00,7.32,4.00
83.28,7.32,5.00,7.32,4.00
83.31,7.33,5.00,7.33,4.00
83.34,7.33,5.00,7.33,4.00
83.38,7.33,5.00,7.33,4.00
83.41,7.34,5.00,7.34,4.00
83.44,7.34,5.00,7.34,4.00
83.47,7.34,5.00,7.34,4.00
83.50,7.35,5.00,7.35,4.00
83.53,7.35,5.00,7.35,4.00
83.56,7.35,5.00,7.35,4.00
83.59,7.36,5.00,7.36,4.00
83.62,7.36,5.00,7.36,4.00
83.66,7.36,5.00,7.36,4.00
83.69,7.37,5.00,7.37,4.00
83.72,7.37,5.00,7.37,4.00
83.75,7.37,5.00,7.37,4.00
83.78,7.37,5.00,7.37,4.00
83.81,7.38,5.00,7.38,4.00
83.84,7.38,5.00,7.38,4.00
83.88,7.38,5.00,7.38,4.00
83.91,7.39,5.00,7.39,4.00
83.94,7.39,5.00,7.39,4.00
83.97,7.39,5.00,7.39,4.00
84.00,7.40,5.00,7.40,4.00
84.03,7.40,5.00,7.40,4.00
84.06,7.40,5.00,7.40,4.00
84.09,7.41,5.00,7.41,4.00
84.12,7.41,5.00,7.41,4.00
84.16,7.41,5.00,7.41,4.00
84.19,7.42,5.00,7.42,4.00
84.22,7.42,5.00,7.42,4.00
84.25,7.42,5.00,7.42,4.00
84.28,7.42,5.00,7.42,4.00
84.31,7.43,5.00,7.43,4.00
84.34,7.43,5.00,7.43,4.00
84.38,7.43,5.00,7.43,4.00
84.41,7.44,5.00,7.44,4.00
84.44,7.44,5.00,7.44,4.00
84.47,7.44,5.00,7.44,4.00
84.50,7.45,5.00,7.45,4.00
84.53,7.45,5.00,7.45,4.00
84.56,7.45,5.00,7.45,4.00
84.59,7.46,5.00,7.46,4.00
84.62,7.46,5.00,7.46,4.00
84.66,7.46,5.00,7.46,4.00
84.69,7.47,5.00,7.47,4.00
84.72,7.47,5.00,7.47,4.00
84.75,7.47,5.00,7.47,4.00
84.78,7.47,5.00,7.47,4.00
84.81,7.48,5.00,7.48,4.00
84.84,7.48,5.00,7.48,4.00
84.88,7.48,5.00,7.48,4.00
84.91,7.49,5.00,7.49,4.00
84.94,7.49,5.00,7.49,4.00
84.97,7.49,5.00,7.49,4.00
85.00,7.50,5.00,7.50,4.00
85.03,7.50,5.00,7.50,4.00
85.06,7.50,5.00,7.50,4.00
85.09,7.51,5.00,7.51,4.00
85.12,7.51,5.00,7.51,4.00
85.16,7.51,5.00,7.51,4.00
85.19,7.52,5.00,7.52,4.00
85.22,7.52,5.00,7.52,4.00
85.25,7.52,5.00,7.52,4.00
85.28,7.52,5.00,7.52,4.00
85.31,7.53,5.00,7.53,4.00
85.34,7.53,5.00,7.53,4.00
85.38,7.53,5.00,7.53,4.00
85.41,7.54,5.00,7.54,4.00
85.44,7.54,5.00,7.54,4.00
85.47,7.54,5.00,7.54,4.00
85.50,7.55,5.00,7.55,4.00
85.53,7.55,5.00,7.55,4.00
85.56,7.55,5.00,7.55,4.00
85.59,7.56,5.00,7.56,4.00
85.62,7.56,5.00,7.56,4.00
85.66,7.56,5.00,7.56,4.00
85.69,7.57,5.00,7.57,4.00
85.72,7.57,5.00,7.57,4.00
85.75,7.57,5.00,7.57,4.00
85.78,7.57,5.00,7.57,4.00
85.81,7.58,5.00,7.58,4.00
85.84,7.58,5.00,7.58,4.00
85.88,7.58,5.00,7.58,4.00
85.91,7.59,5.00,7.59,4.00
85.94,7.59,5.00,7.59,4.00
85.97,7.59,5.00,7.59,4.00
86.00,7.60,5.00,7.60,4.00
86.03,7.60,5.00,7.60,4.00
86.06,7.60,5.00,7.60,4.00
86.09,7.61,5.00,7.61,4.00
86.12,7.61,5.00,7.61,4.00
86.16,7.61,5.00,7.61,4.00
86.19,7.62,5.00,7.62,4.00
86.22,7.62,5.00,7.62,4.00
86.25,7.62,5.00,7.62,4.00
86.28,7.62,5.00,7.62,4.00
86.31,7.63,5.00,7.63,4.00
86.34,7.63,5.00,7.63,4.00
86.38,7.63,5.00,7.63,4.00
86.41,7.64,5.00,7.64,4.00
86.44,7.64,5.00,7.64,4.00
86.47,7.64,5.00,7.64,4.00
86.50,7.65,5.00,7.65,4.00
86.53,7.65,5.00,7.65,4.00
86.56,7.65,5.00,7.65,4.00
86.59,7.66,5.00,7.66,4.00
86.62,7.66,5.00,7.66,4.00
86.66,7.66,5.00,7.66,4.00
86.69,7.67,5.00,7.67,4.00
86.72,7.67,5.00,7.67,4.00
86.75,7.67,5.00,7.67,4.00
86.78,7.67,5.00,7.67,4.00
86.81,7.68,5.00,7.68,4.00
86.84,7.68,5.00,7.68,4.00
86.88,7.68,5.00,7.68,4.00
86.91,7.69,5.00,7.69,4.00
86.94,7.69,5.00,7.69,4.00
86.97,7.69,5.00,7.69,4.00
87.00,7.70,5.00,7.70,4.00
87.03,7.70,5.00,7.70,4.00
87.06,7.70,5.00,7.70,4.00
87.09,7.71,5.00,7.71,4.00
87.12,7.71,5.00,7.71,4.00
87.16,7.71,5.00,7.71,4.00
87.19,7.72,5.00,7.72,4.00
87.22,7.72,5.00,7.72,4.00
87.25,7.72,5.00,7.72,4.00
87.28,7.72,5.00,7.72,4.00
87.31,7.73,5.00,7.73,4.00
87.34,7.73,5.00,7.73,4.00
87.38,7.73,5.00,7.73,4.00
87.41,7.74,5.00,7.74,4.00
87.44,7.74,5.00,7.74,4.00
87.47,7.74,5.00,7.74,4.00
87.50,7.75,5.00,7.75,4.00
87.53,7.75,5.00,7.75,4.00
87.56,7.75,5.00,7.75,4.00
87.59,7.76,5.00,7.76,4.00
87.62,7.76,5.00,7.76,4.00
87.66,7.76,5.00,7.76,4.00
87.69,7.77,5.00,7.77,4.00
87.72,7.77,5.00,7.77,4.00
87.75,7.77,5.00,7.77,4.00
87.78,7.77,5.00,7.77,4.00
87.81,7.78,5.00,7.78,4.00
87.84,7.78,5.00,7.78,4.00
87.88,7.78,5.00,7.78,4.00
87.91,7.79,5.00,7.79,4.00
87.94,7.79,5.00,7.79,4.00
87.97,7.79,5.00,7.79,4.00
88.00,7.80,5.00,7.80,4.00
88.03,7.80,5.00,7.80,4.00
88.06,7.80,5.00,7.80,4.00
88.09,7.81,5.00,7.81,4.00
88.12,7.81,5.00,7.81,4.00
88.16,7.81,5.00,7.81,4.00
88.19,7.82,5.00,7.82,4.00
88.22,7.82,5.00,7.82,4.00
88.25,7.82,5.00,7.82,4.00
88.28,7.82,5.00,7.82,4.00
88.31,7.83,5.00,7.83,4.00
88.34,7.83,5.00,7.83,4.00
88.38,7.83,5.00,7.83,4.00
88.41,7.84,5.00,7.84,4.00
88.44,7.84,5.00,7.84,4.00
88.47,7.84,5.00,7.84,4.00
88.50,7.85,5.00,7.85,4.00
88.53,7.85,5.00,7.85,4.00
88.56,7.85,5.00,7.85,4.00
88.59,7.86,5.00,7.86,4.00
88.62,7.86,5.00,7.86,4.00
88.66,7.86,5.00,7.86,4.00
88.69,7.87,5.00,7.87,4.00
88.72,7.87,5.00,7.87,4.00
88.75,7.87,5.00,7.87,4.00
88.78,7.87,5.00,7.87,4.00
88.81,7.88,5.00,7.88,4.00
88.84,7.88,5.00,7.88,4.00
88.88,7.88,5.00,7.88,4.00
88.91,7.89,5.00,7.89,4.00
88.94,7.89,5.00,7.89,4.00
88.97,7.89,5.00,7.89,4.00
89.00,7.90,5.00,7.90,4.00
89.03,7.90,5.00,7.90,4.00
89.06,7.90,5.00,7.90,4.00
89.09,7.91,5.00,7.91,4.00
89.12,7.91,5.00,7.91,4.00
89.16,7.91,5.00,7.91,4.00
89.19,7.92,5.00,7.92,4.00
89.22,7.92,5.00,7.92,4.00
89.25,7.92,5.00,7.92,4.00
89.28,7.92,5.00,7.92,4.00
89.31,7.93,5.00,7.93,4.00
89.34,7.93,5.00,7.93,4.00
89.38,7.93,5.00,7.93,4.00
89.41,7.94,5.00,7.94,4.00
89.44,7.94,5.00,7.94,4.00
89.47,7.94,5.00,7.94,4.00
89.50,7.95,5.00,7.95,4.00
89.53,7.95,5.00,7.95,4.00
89.56,7.95,5.00,7.95,4.00
89.59,7.96,5.00,7.96,4.00
89.62,7.96,5.00,7.96,4.00
89.66,7.96,5.00,7.96,4.00
89.69,7.97,5.00,7.97,4.00
89.72,7.97,5.00,7.97,4.00
89.75,7.97,5.00,7.97,4.00
89.78,7.97,5.00,7.97,4.00
89.81,7.98,5.00,7.98,4.00
89.84,7.98,5.00,7.98,4.00
89.88,7.98,5.00,7.98,4.00
89.91,7.99,5.00,7.99,4.00
89.94,7.99,5.00,7.99,4.00
89.97,7.99,5.00,7.99,4.00
90.00,8.00,5.00,8.00,4.00
90.03,8.00,5.00,8.00,4.00
90.06,8.00,5.00,8.00,4.00
90.09,8.01,5.00,8.01,4.00
90.12,8.01,5.00,8.01,4.00
90.16,8.01,5.00,8.01,4.00
90.19,8.02,5.00,8.02,4.00
90.22,8.02,5.00,8.02,4.00
90.25,8.02,5.00,8.02,4.00
90.28,8.02,5.00,8.02,4.00
90.31,8.03,5.00,8.03,4.00
90.34,8.03,5.00,8.03,4.00
90.38,8.03,5.00,8.03,4.00
90.41,8.04,5.00,8.04,4.00
90.44,8.04,5.00,8.04,4.00
90.47,8.04,5.00,8.04,4.00
90.50,8.05,5.00,8.05,4.00
90.53,8.05,5.00,8.05,4.00
90.56,8.05,5.00,8.05,4.00
90.59,8.06,5.00,8.06,4.00
90.62,8.06,5.00,8.06,4.00
90.66,8.06,5.00,8.06,4.00
90.69,8.07,5.00,8.07,4.00
90.72,8.07,5.00,8.07,4.00
90.75,8.07,5.00,8.07,4.00
90.78,8.07,5.00,8.07,4.00
90.81,8.08,5.00,8.08,4.00
90.84,8.08,5.00,8.08,4.00
90.88,8.08,5.00,8.08,4.00
90.91,8.09,5.00,8.09,4.00
90.94,8.09,5.00,8.09,4.00
90.97,8.09,5.00,8.09,4.00
91.00,8.10,5.00,8.10,4.00
91.03,8.10,5.00,8.10,4.00
91.06,8.10,5.00,8.10,4.00
91.09,8.11,5.00,8.11,4.00
91.12,8.11,5.00,8.11,4.00
91.16,8.11,5.00,8.11,4.00
91.19,8.12,5.00,8.12,4.00
91.22,8.12,5.00,8.12,4.00
91.25,8.12,5.00,8.12,4.00
91.28,8.12,5.00,8.12,4.00
91.31,8.13,5.00,8.13,4.00
91.34,8.13,5.00,8.13,4.00
91.38,8.13,5.00,8.13,4.00
91.41,8.14,5.00,8.14,4.00
91.44,8.14,5.00,8.14,4.00
91.47,8.14,5.00,8.14,4.00
91.50,8.15,5.00,8.15,4.00
91.53,8.15,5.00,8.15,4.00
91.56,8.15,5.00,8.15,4.00
91.59,8.16,5.00,8.16,4.00
91.62,8.16,5.00,8.16,4.00
91.66,8.16,5.00,8.16,4.00
91.69,8.17,5.00,8.17,4.00
91.72,8.17,5.00,8.17,4.00
91.75,8.17,5.00,8.17,4.00
91.78,8.17,5.00,8.17,4.00
91.81,8.18,5.00,8.18,4.00
91.84,8.18,5.00,8.18,4.00
91.88,8.18,5.00,8.18,4.00
91.91,8.19,5.00,8.19,4.00
91.94,8.19,5.00,8.19,4.00
91.97,8.19,5.00,8.19,4.00
92.00,8.20,5.00,8.20,4.00
92.03,8.20,5.00,8.20,4.00
92.06,8.20,5.00,8.20,4.00
92.09,8.21,5.00,8.21,4.00
92.12,8.21,5.00,8.21,4.00
92.16,8.21,5.00,8.21,4.00
92.19,8.22,5.00,8.22,4.00
92.22,8.22,5.00,8.22,4.00
92.25,8.22,5.00,8.22,4.00
92.28,8.22,5.00,8.22,4.00
92.31,8.23,5.00,8.23,4.00
92.34,8.23,5.00,8.23,4.00
92.38,8.23,5.00,8.23,4.00
92.41,8.24,5.00,8.24,4.00
92.44,8.24,5.00,8.24,4.00
92.47,8.24,5.00,8.24,4.00
92.50,8.25,5.00,8.25,4.00
92.53,8.25,5.00,8.25,4.00
92.56,8.25,5.00,8.25,4.00
92.59,8.26,5.00,8.26,4.00
92.62,8.26,5.00,8.26,4.00
92.66,8.26,5.00,8.26,4.00
92.69,8.27,5.00,8.27,4.00
92.72,8.27,5.00,8.27,4.00
92.75,8.27,5.00,8.27,4.00
92.78,8.27,5.00,8.27,4.00
92.81,8.28,5.00,8.28,4.00
92.84,8.28,5.00,8.28,4.00
92.88,8.28,5.00,8.28,4.00
92.91,8.29,5.00,8.29,4.00
92.94,8.29,5.00,8.29,4.00
92.97,8.29,5.00,8.29,4.00
93.00,8.30,5.00,8.30,4.00
93.03,8.30,5.00,8.30,4.00
93.06,8.30,5.00,8.30,4.00
93.09,8.31,5.00,8.31,4.00
93.12,8.31,5.00,8.31,4.00
93.16,8.31,5.00,8.31,4.00
93.19,8.32,5.00,8.32,4.00
93.22,8.32,5.00,8.32,4.00
93.25,8.32,5.00,8.32,4.00
93.28,8.32,5.00,8.32,4.00
93.31,8.33,5.00,8.33,4.00
93.34,8.33,5.00,8.33,4.00
93.38,8.33,5.00,8.33,4.00
93.41,8.34,5.00,8.34,4.00
93.44,8.34,5.00,8.34,4.00
93.47,8.34,5.00,8.34,4.00
93.50,8.35,5.00,8.35,4.00
93.53,8.35,5.00,8.35,4.00
93.56,8.35,5.00,8.35,4.00
93.59,8.36,5.00,8.36,4.00
93.62,8.36,5.00,8.36,4.00
93.66,8.36,5.00,8.36,4.00
93.69,8.37,5.00,8.37,4.00
93.72,8.37,5.00,8.37,4.00
93.75,8.37,5.00,8.37,4.00
93.78,8.37,5.00,8.37,4.00
93.81,8.38,5.00,8.38,4.00
93.84,8.38,5.00,8.38,4.00
93.88,8.38,5.00,8.38,4.00
93.91,8.39,5.00,8.39,4.00
93.94,8.39,5.00,8.39,4.00
93.97,8.39,5.00,8.39,4.00
94.00,8.40,5.00,8.40,4.00
94.03,8.40,5.00,8.40,4.00
94.06,8.40,5.00,8.40,4.00
94.09,8.41,5.00,8.41,4.00
94.12,8.41,5.00,8.41,4.00
94.16,8.41,5.00,8.41,4.00
94.19,8.42,5.00,8.42,4.00
94.22,8.42,5.00,8.42,4.00
94.25,8.42,5.00,8.42,4.00
94.28,8.42,5.00,8.42,4.00
94.31,8.43,5.00,8.43,4.00
94.34,8.43,5.00,8.43,4.00
94.38,8.43,5.00,8.43,4.00
94.41,8.44,5.00,8.44,4.00
94.44,8.44,5.00,8.44,4.00
94.47,8.44,5.00,8.44,4.00
94.50,8.45,5.00,8.45,4.00
94.53,8.45,5.00,8.45,4.00
94.56,8.45,5.00,8.45,4.00
94.59,8.46,5.00,8.46,4.00
94.62,8.46,5.00,8.46,4.00
94.66,8.46,5.00,8.46,4.00
94.69,8.47,5.00,8.47,4.00
94.72,8.47,5.00,8.47,4.00
94.75,8.47,5.00,8.47,4.00
94.78,8.47,5.00,8.47,4.00
94.81,8.48,5.00,8.48,4.00
94.84,8.48,5.00,8.48,4.00
94.88,8.48,5.00,8.48,4.00
94.91,8.49,5.00,8.49,4.00
94.94,8.49,5.00,8.49,4.00
94.97,8.49,5.00,8.49,4.00
95.00,8.50,5.00,8.50,4.00
95.03,8.50,5.00,8.50,4.00
95.06,8.50,5.00,8.50,4.00
95.09,8.51,5.00,8.51,4.00
95.12,8.51,5.00,8.51,4.00
95.16,8.51,5.00,8.51,4.00
95.19,8.52,5.00,8.52,4.00
95.22,8.52,5.00,8.52,4.00
95.25,8.52,5.00,8.52,4.00
95.28,8.52,5.00,8.52,4.00
95.31,8.53,5.00,8.53,4.00
95.34,8.53,5.00,8.53,4.00
95.38,8.53,5.00,8.53,4.00
95.41,8.54,5.00,8.54,4.00
95.44,8.54,5.00,8.54,4.00
95.47,8.54,5.00,8.54,4.00
95.50,8.55,5.00,8.55,4.00
95.53,8.55,5.00,8.55,4.00
95.56,8.55,5.00,8.55,4.00
95.59,8.56,5.00,8.56,4.00
95.62,8.56,5.00,8.56,4.00
95.66,8.56,5.00,8.56,4.00
95.69,8.57,5.00,8.57,4.00
95.72,8.57,5.00,8.57,4.00
95.75,8.57,5.00,8.57,4.00
95.78,8.57,5.00,8.57,4.00
95.81,8.58,5.00,8.58,4.00
95.84,8.58,5.00,8.58,4.00
95.88,8.58,5.00,8.58,4.00
95.91,8.59,5.00,8.59,4.00
95.94,8.59,5.00,8.59,4.00
95.97,8.59,5.00,8.59,4.00
96.00,8.60,5.00,8.60,4.00
96.03,8.60,5.00,8.60,4.00
96.06,8.60,5.00,8.60,4.00
96.09,8.61,5.00,8.61,4.00
96.12,8.61,5.00,8.61,4.00
96.16,8.61,5.00,8.61,4.00
96.19,8.62,5.00,8.62,4.00
96.22,8.62,5.00,8.62,4.00
96.25,8.62,5.00,8.62,4.00
96.28,8.62,5.00,8.62,4.00
96.31,8.63,5.00,8.63,4.00
96.34,8.63,5.00,8.63,4.00
96.38,8.63,5.00,8.63,4.00
96.41,8.64,5.00,8.64,4.00
96.44,8.64,5.00,8.64,4.00
96.47,8.64,5.00,8.64,4.00
96.50,8.65,5.00,8.65,4.00
96.53,8.65,5.00,8.65,4.00
96.56,8.65,5.00,8.65,4.00
96.59,8.66,5.00,8.66,4.00
96.62,8.66,5.00,8.66,4.00
96.66,8.66,5.00,8.66,4.00
96.69,8.67,5.00,8.67,4.00
96.72,8.67,5.00,8.67,4.00
96.75,8.67,5.00,8.67,4.00
96.78,8.67,5.00,8.67,4.00
96.81,8.68,5.00,8.68,4.00
96.84,8.68,5.00,8.68,4.00
96.88,8.68,5.00,8.68,4.00
96.91,8.69,5.00,8.69,4.00
96.94,8.69,5.00,8.69,4.00
96.97,8.69,5.00,8.69,4.00
97.00,8.70,5.00,8.70,4.00
97.03,8.70,5.00,8.70,4.00
97.06,8.70,5.00,8.70,4.00
97.09,8.71,5.00,8.71,4.00
97.12,8.71,5.00,8.71,4.00
97.16,8.71,5.00,8.71,4.00
97.19,8.72,5.00,8.72,4.00
97.22,8.72,5.00,8.72,4.00
97.25,8.72,5.00,8.72,4.00
97.28,8.72,5.00,8.72,4.00
97.31,8.73,5.00,8.73,4.00
97.34,8.73,5.00,8.73,4.00
97.38,8.73,5.00,8.73,4.00
97.41,8.74,5.00,8.74,4.00
97.44,8.74,5.00,8.74,4.00
97.47,8.74,5.00,8.74,4.00
97.50,8.75,5.00,8.75,4.00
97.53,8.75,5.00,8.75,4.00
97.56,8.75,5.00,8.75,4.00
97.59,8.76,5.00,8.76,4.00
97.62,8.76,5.00,8.76,4.00
97.66,8.76,5.00,8.76,4.00
97.69,8.77,5.00,8.77,4.00
97.72,8.77,5.00,8.77,4.00
97.75,8.77,5.00,8.77,4.00
97.78,8.77,5.00,8.77,4.00
97.81,8.78,5.00,8.78,4.00
97.84,8.78,5.00,8.78,4.00
97.88,8.78,5.00,8.78,4.00
97.91,8.79,5.00,8.79,4.00
97.94,8.79,5.00,8.79,4.00
97.97,8.79,5.00,8.79,4.00
98.00,8.80,5.00,8.80,4.00
98.03,8.80,5.00,8.80,4.00
98.06,8.80,5.00,8.80,4.00
98.09,8.81,5.00,8.81,4.00
98.12,8.81,5.00,8.81,4.00
98.16,8.81,5.00,8.81,4.00
98.19,8.82,5.00,8.82,4.00
98.22,8.82,5.00,8.82,4.00
98.25,8.82,5.00,8.82,4.00
98.28,8.82,5.00,8.82,4.00
98.31,8.83,5.00,8.83,4.00
98.34,8.83,5.00,8.83,4.00
98.38,8.83,5.00,8.83,4.00
98.41,8.84,5.00,8.84,4.00
98.44,8.84,5.00,8.84,4.00
98.47,8.84,5.00,8.84,4.00
98.50,8.85,5.00,8.85,4.00
98.53,8.85,5.00,8.85,4.00
98.56,8.85,5.00,8.85,4.00
98.59,8.86,5.00,8.86,4.00
98.62,8.86,5.00,8.86,4.00
98.66,8.86,5.00,8.86,4.00
98.69,8.87,5.00,8.87,4.00
98.72,8.87,5.00,8.87,4.00
98.75,8.87,5.00,8.87,4.00
98.78,8.87,5.00,8.87,4.00
98.81,8.88,5.00,8.88,4.00
98.84,8.88,5.00,8.88,4.00
98.88,8.88,5.00,8.88,4.00
98.91,8.89,5.00,8.89,4.00
98.94,8.89,5.00,8.89,4.00
98.97,8.89,5.00,8.89,4.00
99.00,8.90,5.00,8.90,4.00
99.03,8.90,5.00,8.90,4.00
99.06,8.90,5.00,8.90,4.00
99.09,8.91,5.00,8.91,4.00
99.12,8.91,5.00,8.91,4.00
99.16,8.91,5.00,8.91,4.00
99.19,8.92,5.00,8.92,4.00
99.22,8.92,5.00,8.92,4.00
99.25,8.92,5.00,8.92,4.00
99.28,8.92,5.00,8.92,4.00
99.31,8.93,5.00,8.93,4.00
99.34,8.93,5.00,8.93,4.00
99.38,8.93,5.00,8.93,4.00
99.41,8.94,5.00,8.94,4.00
99.44,8.94,5.00,8.94,4.00
99.47,8.94,5.00,8.94,4.00
99.50,8.95,5.00,8.95,4.00
99.53,8.95,5.00,8.95,4.00
99.56,8.95,5.00,8.95,4.00
99.59,8.96,5.00,8.96,4.00
99.62,8.96,5.00,8.96,4.00
99.66,8.96,5.00,8.96,4.00
99.69,8.97,5.00,8.97,4.00
99.72,8.97,5.00,8.97,4.00
99.75,8.97,5.00,8.97,4.00
99.78,8.97,5.00,8.97,4.00
99.81,8.98,5.00,8.98,4.00
99.84,8.98,5.00,8.98,4.00
99.88,8.98,5.00,8.98,4.00
99.91,8.99,5.00,8.99,4.00
99.94,8.99,5.00,8.99,4.00
99.97,8.99,5.00,8.99,4.00
100.00,9.00,5.00,9.00,4.00
