0.04,2.00,5.00,2.00,1.00
0.08,2.02,5.00,2.02,1.00
0.12,2.04,5.00,2.04,1.00
0.17,2.06,5.00,2.06,1.00
0.21,2.08,5.00,2.08,1.00
0.25,2.10,5.00,2.10,1.00
0.29,2.13,5.00,2.13,1.00
0.33,2.15,5.00,2.15,1.00
0.38,2.17,5.00,2.17,1.00
0.42,2.19,5.00,2.19,1.00
0.46,2.21,5.00,2.21,1.00
0.50,2.23,5.00,2.23,1.00
0.54,2.25,5.00,2.25,1.00
0.58,2.27,5.00,2.27,1.00
0.62,2.29,5.00,2.29,1.00
0.67,2.31,5.00,2.31,1.00
0.71,2.33,5.00,2.33,1.00
0.75,2.35,5.00,2.35,1.00
0.79,2.38,5.00,2.38,1.00
0.83,2.40,5.00,2.40,1.00
0.88,2.42,5.00,2.42,1.00
0.92,2.44,5.00,2.44,1.00
0.96,2.46,5.00,2.46,1.00
1.00,2.48,5.00,2.48,1.00
1.04,2.50,5.00,2.50,1.00
1.08,2.52,5.00,2.52,1.00
1.12,2.54,5.00,2.54,1.00
1.17,2.56,5.00,2.56,1.00
1.21,2.58,5.00,2.58,1.00
1.25,2.60,5.00,2.60,1.00
1.29,2.63,5.00,2.63,1.00
1.33,2.65,5.00,2.65,1.00
1.38,2.67,5.00,2.67,1.00
1.42,2.69,5.00,2.69,1.00
1.46,2.71,5.00,2.71,1.00
1.50,2.73,5.00,2.73,1.00
1.54,2.75,5.00,2.75,1.00
1.58,2.77,5.00,2.77,1.00
1.62,2.79,5.00,2.79,1.00
1.67,2.81,5.00,2.81,1.00
1.71,2.83,5.00,2.83,1.00
1.75,2.85,5.00,2.85,1.00
1.79,2.88,5.00,2.88,1.00
1.83,2.90,5.00,2.90,1.00
1.88,2.92,5.00,2.92,1.00
1.92,2.94,5.00,2.94,1.00
1.96,2.96,5.00,2.96,1.00
2.00,2.98,5.00,2.98,1.00
2.04,3.00,5.00,3.00,1.00
2.08,3.02,5.00,3.02,1.00
2.12,3.04,5.00,3.04,1.00
2.17,3.06,5.00,3.06,1.00
2.21,3.08,5.00,3.08,1.00
2.25,3.10,5.00,3.10,1.00
2.29,3.13,5.00,3.13,1.00
2.33,3.15,5.00,3.15,1.00
2.38,3.17,5.00,3.17,1.00
2.42,3.19,5.00,3.19,1.00
2.46,3.21,5.00,3.21,1.00
2.50,3.23,5.00,3.23,1.00
2.54,3.25,5.00,3.25,1.00
2.58,3.27,5.00,3.27,1.00
2.62,3.29,5.00,3.29,1.00
2.67,3.31,5.00,3.31,1.00
2.71,3.33,5.00,3.33,1.00
2.75,3.35,5.00,3.35,1.00
2.79,3.38,5.00,3.38,1.00
2.83,3.40,5.00,3.40,1.00
2.88,3.42,5.00,3.42,1.00
2.92,3.44,5.00,3.44,1.00
2.96,3.46,5.00,3.46,1.00
3.00,3.48,5.00,3.48,1.00
3.04,3.50,5.00,3.50,1.00
3.08,3.52,5.00,3.52,1.00
3.12,3.54,5.00,3.54,1.00
3.17,3.56,5.00,3.56,1.00
3.21,3.58,5.00,3.58,1.00
3.25,3.60,5.00,3.60,1.00
3.29,3.63,5.00,3.63,1.00
3.33,3.65,5.00,3.65,1.00
3.38,3.67,5.00,3.67,1.00
3.42,3.69,5.00,3.69,1.00
3.46,3.71,5.00,3.71,1.00
3.50,3.73,5.00,3.73,1.00
3.54,3.75,5.00,3.75,1.00
3.58,3.77,5.00,3.77,1.00
3.62,3.79,5.00,3.79,1.00
3.67,3.81,5.00,3.81,1.00
3.71,3.83,5.00,3.83,1.00
3.75,3.85,5.00,3.85,1.00
3.79,3.88,5.00,3.88,1.00
3.83,3.90,5.00,3.90,1.00
3.88,3.92,5.00,3.92,1.00
3.92,3.94,5.00,3.94,1.00
3.96,3.96,5.00,3.96,1.00
4.00,3.98,5.00,3.98,1.00
4.04,4.00,5.00,4.00,1.00
4.08,4.02,5.00,4.02,1.00
4.12,4.04,5.00,4.04,1.00
4.17,4.06,5.00,4.06,1.00
4.21,4.08,5.00,4.08,1.00
4.25,4.10,5.00,4.10,1.00
4.29,4.13,5.00,4.13,1.00
4.33,4.15,5.00,4.15,1.00
4.38,4.17,5.00,4.17,1.00
4.42,4.19,5.00,4.19,1.00
4.46,4.21,5.00,4.21,1.00
4.50,4.23,5.00,4.23,1.00
4.54,4.25,5.00,4.25,1.00
4.58,4.27,5.00,4.27,1.00
4.62,4.29,5.00,4.29,1.00
4.67,4.31,5.00,4.31,1.00
4.71,4.33,5.00,4.33,1.00
4.75,4.35,5.00,4.35,1.00
4.79,4.38,5.00,4.38,1.00
4.83,4.40,5.00,4.40,1.00
4.88,4.42,5.00,4.42,1.00
4.92,4.44,5.00,4.44,1.00
4.96,4.46,5.00,4.46,1.00
5.00,4.48,5.00,4.48,1.00
5.04,4.50,5.00,4.50,1.00
5.08,4.52,5.00,4.52,1.00
5.12,4.54,5.00,4.54,1.00
5.17,4.56,5.00,4.56,1.00
5.21,4.58,5.00,4.58,1.00
5.25,4.60,5.00,4.60,1.00
5.29,4.63,5.00,4.63,1.00
5.33,4.65,5.00,4.65,1.00
5.38,4.67,5.00,4.67,1.00
5.42,4.69,5.00,4.69,1.00
5.46,4.71,5.00,4.71,1.00
5.50,4.73,5.00,4.73,1.00
5.54,4.75,5.00,4.75,1.00
5.58,4.77,5.00,4.77,1.00
5.62,4.79,5.00,4.79,1.00
5.67,4.81,5.00,4.81,1.00
5.71,4.83,5.00,4.83,1.00
5.75,4.85,5.00,4.85,1.00
5.79,4.88,5.00,4.88,1.00
5.83,4.90,5.00,4.90,1.00
5.88,4.92,5.00,4.92,1.00
5.92,4.94,5.00,4.94,1.00
5.96,4.96,5.00,4.96,1.00
6.00,4.98,5.00,4.98,1.00
6.04,5.00,5.00,5.00,1.00
6.08,5.02,5.00,5.02,1.00
6.12,5.04,5.00,5.04,1.00
6.17,5.06,5.00,5.06,1.00
6.21,5.08,5.00,5.08,1.00
6.25,5.10,5.00,5.10,1.00
6.29,5.13,5.00,5.13,1.00
6.33,5.15,5.00,5.15,1.00
6.38,5.17,5.00,5.17,1.00
6.42,5.19,5.00,5.19,1.00
6.46,5.21,5.00,5.21,1.00
6.50,5.23,5.00,5.23,1.00
6.54,5.25,5.00,5.25,1.00
6.58,5.27,5.00,5.27,1.00
6.62,5.29,5.00,5.29,1.00
6.67,5.31,5.00,5.31,1.00
6.71,5.33,5.00,5.33,1.00
6.75,5.35,5.00,5.35,1.00
6.79,5.38,5.00,5.38,1.00
6.83,5.40,5.00,5.40,1.00
6.88,5.42,5.00,5.42,1.00
6.92,5.44,5.00,5.44,1.00
6.96,5.46,5.00,5.46,1.00
7.00,5.48,5.00,5.48,1.00
7.04,5.50,5.00,5.50,1.00
7.08,5.52,5.00,5.52,1.00
7.12,5.54,5.00,5.54,1.00
7.17,5.56,5.00,5.56,1.00
7.21,5.58,5.00,5.58,1.00
7.25,5.60,5.00,5.60,1.00
7.29,5.63,5.00,5.63,1.00
7.33,5.65,5.00,5.65,1.00
7.38,5.67,5.00,5.67,1.00
7.42,5.69,5.00,5.69,1.00
7.46,5.71,5.00,5.71,1.00
7.50,5.73,5.00,5.73,1.00
7.54,5.75,5.00,5.75,1.00
7.58,5.77,5.00,5.77,1.00
7.62,5.79,5.00,5.79,1.00
7.67,5.81,5.00,5.81,1.00
7.71,5.83,5.00,5.83,1.00
7.75,5.85,5.00,5.85,1.00
7.79,5.88,5.00,5.88,1.00
7.83,5.90,5.00,5.90,1.00
7.88,5.92,5.00,5.92,1.00
7.92,5.94,5.00,5.94,1.00
7.96,5.96,5.00,5.96,1.00
8.00,5.98,5.00,5.98,1.00
8.04,6.00,5.00,6.00,1.00
8.08,6.02,5.00,6.02,1.00
8.12,6.04,5.00,6.04,1.00
8.17,6.06,5.00,6.06,1.00
8.21,6.08,5.00,6.08,1.00
8.25,6.10,5.00,6.10,1.00
8.29,6.13,5.00,6.13,1.00
8.33,6.15,5.00,6.15,1.00
8.38,6.17,5.00,6.17,1.00
8.42,6.19,5.00,6.19,1.00
8.46,6.21,5.00,6.21,1.00
8.50,6.23,5.00,6.23,1.00
8.54,6.25,5.00,6.25,1.00
8.58,6.27,5.00,6.27,1.00
8.62,6.29,5.00,6.29,1.00
8.67,6.31,5.00,6.31,1.00
8.71,6.33,5.00,6.33,1.00
8.75,6.35,5.00,6.35,1.00
8.79,6.38,5.00,6.38,1.00
8.83,6.40,5.00,6.40,1.00
8.88,6.42,5.00,6.42,1.00
8.92,6.44,5.00,6.44,1.00
8.96,6.46,5.00,6.46,1.00
9.00,6.48,5.00,6.48,1.00
9.04,6.50,5.00,6.50,1.00
9.08,6.52,5.00,6.52,1.00
9.12,6.54,5.00,6.54,1.00
9.17,6.56,5.00,6.56,1.00
9.21,6.58,5.00,6.58,1.00
9.25,6.60,5.00,6.60,1.00
9.29,6.63,5.00,6.63,1.00
9.33,6.65,5.00,6.65,1.00
9.38,6.67,5.00,6.67,1.00
9.42,6.69,5.00,6.69,1.00
9.46,6.71,5.00,6.71,1.00
9.50,6.73,5.00,6.73,1.00
9.54,6.75,5.00,6.75,1.00
9.58,6.77,5.00,6.77,1.00
9.62,6.79,5.00,6.79,1.00
9.67,6.81,5.00,6.81,1.00
9.71,6.83,5.00,6.83,1.00
9.75,6.85,5.00,6.85,1.00
9.79,6.88,5.00,6.88,1.00
9.83,6.90,5.00,6.90,1.00
9.88,6.92,5.00,6.92,1.00
9.92,6.94,5.00,6.94,1.00
9.96,6.96,5.00,6.96,1.00
10.00,6.98,5.00,6.98,1.00
10.04,7.00,5.00,7.00,1.00
10.08,7.02,5.00,7.02,1.00
10.12,7.04,5.00,7.04,1.00
10.17,7.06,5.00,7.06,1.00
10.21,7.08,5.00,7.08,1.00
10.25,7.10,5.00,7.10,1.00
10.29,7.13,5.00,7.13,1.00
10.33,7.15,5.00,7.15,1.00
10.38,7.17,5.00,7.17,1.00
10.42,7.19,5.00,7.19,1.00
10.46,7.21,5.00,7.21,1.00
10.50,7.23,5.00,7.23,1.00
10.54,7.25,5.00,7.25,1.00
10.58,7.27,5.00,7.27,1.00
10.62,7.29,5.00,7.29,1.00
10.67,7.31,5.00,7.31,1.00
10.71,7.33,5.00,7.33,1.00
10.75,7.35,5.00,7.35,1.00
10.79,7.38,5.00,7.38,1.00
10.83,7.40,5.00,7.40,1.00
10.88,7.42,5.00,7.42,1.00
10.92,7.44,5.00,7.44,1.00
10.96,7.46,5.00,7.46,1.00
11.00,7.48,5.00,7.48,1.00
11.04,7.50,5.00,7.50,1.00
11.08,7.52,5.00,7.52,1.00
11.12,7.54,5.00,7.54,1.00
11.17,7.56,5.00,7.56,1.00
11.21,7.58,5.00,7.58,1.00
11.25,7.60,5.00,7.60,1.00
11.29,7.63,5.00,7.63,1.00
11.33,7.65,5.00,7.65,1.00
11.38,7.67,5.00,7.67,1.00
11.42,7.69,5.00,7.69,1.00
11.46,7.71,5.00,7.71,1.00
11.50,7.73,5.00,7.73,1.00
11.54,7.75,5.00,7.75,1.00
11.58,7.77,5.00,7.77,1.00
11.62,7.79,5.00,7.79,1.00
11.67,7.81,5.00,7.81,1.00
11.71,7.83,5.00,7.83,1.00
11.75,7.85,5.00,7.85,1.00
11.79,7.88,5.00,7.88,1.00
11.83,7.90,5.00,7.90,1.00
11.88,7.92,5.00,7.92,1.00
11.92,7.94,5.00,7.94,1.00
11.96,7.96,5.00,7.96,1.00
12.00,7.98,5.00,7.98,1.00
12.04,8.00,5.00,8.00,1.00
12.08,8.02,5.00,8.02,1.00
12.12,8.04,5.00,8.04,1.00
12.17,8.06,5.00,8.06,1.00
12.21,8.08,5.00,8.08,1.00
12.25,8.10,5.00,8.10,1.00
12.29,8.13,5.00,8.13,1.00
12.33,8.15,5.00,8.15,1.00
12.38,8.17,5.00,8.17,1.00
12.42,8.19,5.00,8.19,1.00
12.46,8.21,5.00,8.21,1.00
12.50,8.23,5.00,8.23,1.00
12.54,8.25,5.00,8.25,1.00
12.58,8.27,5.00,8.27,1.00
12.62,8.29,5.00,8.29,1.00
12.67,8.31,5.00,8.31,1.00
12.71,8.33,5.00,8.33,1.00
12.75,8.35,5.00,8.35,1.00
12.79,8.38,5.00,8.38,1.00
12.83,8.40,5.00,8.40,1.00
12.88,8.42,5.00,8.42,1.00
12.92,8.44,5.00,8.44,1.00
12.96,8.46,5.00,8.46,1.00
13.00,8.48,5.00,8.48,1.00
13.04,8.50,5.00,8.50,1.00
13.08,8.52,5.00,8.52,1.00
13.12,8.54,5.00,8.54,1.00
13.17,8.56,5.00,8.56,1.00
13.21,8.58,5.00,8.58,1.00
13.25,8.60,5.00,8.60,1.00
13.29,8.63,5.00,8.63,1.00
13.33,8.65,5.00,8.65,1.00
13.38,8.67,5.00,8.67,1.00
13.42,8.69,5.00,8.69,1.00
13.46,8.71,5.00,8.71,1.00
13.50,8.73,5.00,8.73,1.00
13.54,8.75,5.00,8.75,1.00
13.58,8.77,5.00,8.77,1.00
13.62,8.79,5.00,8.79,1.00
13.67,8.81,5.00,8.81,1.00
13.71,8.83,5.00,8.83,1.00
13.75,8.85,5.00,8.85,1.00
13.79,8.88,5.00,8.88,1.00
13.83,8.90,5.00,8.90,1.00
13.88,8.92,5.00,8.92,1.00
13.92,8.94,5.00,8.94,1.00
13.96,8.96,5.00,8.96,1.00
14.00,8.98,5.00,8.98,1.00
14.04,9.00,5.00,9.00,1.00
14.08,9.02,5.00,9.02,1.00
14.12,9.04,5.00,9.04,1.00
14.17,9.06,5.00,9.06,1.00
14.21,9.08,5.00,9.08,1.00
14.25,9.10,5.00,9.10,1.00
14.29,9.13,5.00,9.13,1.00
14.33,9.15,5.00,9.15,1.00
14.38,9.17,5.00,9.17,1.00
14.42,9.19,5.00,9.19,1.00
14.46,9.21,5.00,9.21,1.00
14.50,9.23,5.00,9.23,1.00
14.54,9.25,5.00,9.25,1.00
14.58,9.27,5.00,9.27,1.00
14.62,9.29,5.00,9.29,1.00
14.67,9.31,5.00,9.31,1.00
14.71,9.33,5.00,9.33,1.00
14.75,9.35,5.00,9.35,1.00
14.79,9.38,5.00,9.38,1.00
14.83,9.40,5.00,9.40,1.00
14.88,9.42,5.00,9.42,1.00
14.92,9.44,5.00,9.44,1.00
14.96,9.46,5.00,9.46,1.00
15.00,9.48,5.00,9.48,1.00
15.04,9.50,5.00,9.50,1.00
15.08,9.52,5.00,9.52,1.00
15.12,9.54,5.00,9.54,1.00
15.17,9.56,5.00,9.56,1.00
15.21,9.58,5.00,9.58,1.00
15.25,9.60,5.00,9.60,1.00
15.29,9.63,5.00,9.63,1.00
15.33,9.65,5.00,9.65,1.00
15.38,9.67,5.00,9.67,1.00
15.42,9.69,5.00,9.69,1.00
15.46,9.71,5.00,9.71,1.00
15.50,9.73,5.00,9.73,1.00
15.54,9.75,5.00,9.75,1.00
15.58,9.77,5.00,9.77,1.00
15.62,9.79,5.00,9.79,1.00
15.67,9.81,5.00,9.81,1.00
15.71,9.83,5.00,9.83,1.00
15.75,9.85,5.00,9.85,1.00
15.79,9.88,5.00,9.88,1.00
15.83,9.90,5.00,9.90,1.00
15.88,9.92,5.00,9.92,1.00
15.92,9.94,5.00,9.94,1.00
15.96,9.96,5.00,9.96,1.00
16.00,9.98,5.00,9.98,1.00
16.04,10.00,5.00,10.00,1.00
16.08,10.02,5.00,10.02,1.00
16.12,10.04,5.00,10.04,1.00
16.17,10.06,5.00,10.06,1.00
16.21,10.08,5.00,10.08,1.00
16.25,10.10,5.00,10.10,1.00
16.29,10.13,5.00,10.13,1.00
16.33,10.15,5.00,10.15,1.00
16.38,10.17,5.00,10.17,1.00
16.42,10.19,5.00,10.19,1.00
16.46,10.21,5.00,10.21,1.00
16.50,10.23,5.00,10.23,1.00
16.54,10.25,5.00,10.25,1.00
16.58,10.27,5.00,10.27,1.00
16.62,10.29,5.00,10.29,1.00
16.67,10.31,5.00,10.31,1.00
16.71,10.33,5.00,10.33,1.00
16.75,10.35,5.00,10.35,1.00
16.79,10.38,5.00,10.38,1.00
16.83,10.40,5.00,10.40,1.00
16.88,10.42,5.00,10.42,1.00
16.92,10.44,5.00,10.44,1.00
16.96,10.46,5.00,10.46,1.00
17.00,10.48,5.00,10.48,1.00
17.04,10.50,5.00,10.50,1.00
17.08,10.52,5.00,10.52,1.00
17.12,10.54,5.00,10.54,1.00
17.17,10.56,5.00,10.56,1.00
17.21,10.58,5.00,10.58,1.00
17.25,10.60,5.00,10.60,1.00
17.29,10.63,5.00,10.63,1.00
17.33,10.65,5.00,10.65,1.00
17.38,10.67,5.00,10.67,1.00
17.42,10.69,5.00,10.69,1.00
17.46,10.71,5.00,10.71,1.00
17.50,10.73,5.00,10.73,1.00
17.54,10.75,5.00,10.75,1.00
17.58,10.77,5.00,10.77,1.00
17.62,10.79,5.00,10.79,1.00
17.67,10.81,5.00,10.81,1.00
17.71,10.83,5.00,10.83,1.00
17.75,10.85,5.00,10.85,1.00
17.79,10.88,5.00,10.88,1.00
17.83,10.90,5.00,10.90,1.00
17.88,10.92,5.00,10.92,1.00
17.92,10.94,5.00,10.94,1.00
17.96,10.96,5.00,10.96,1.00
18.00,10.98,5.00,10.98,1.00
18.04,11.00,5.00,11.00,1.00
18.08,11.02,5.00,11.02,1.00
18.12,11.04,5.00,11.04,1.00
18.17,11.06,5.00,11.06,1.00
18.21,11.08,5.00,11.08,1.00
18.25,11.10,5.00,11.10,1.00
18.29,11.13,5.00,11.13,1.00
18.33,11.15,5.00,11.15,1.00
18.38,11.17,5.00,11.17,1.00
18.42,11.19,5.00,11.19,1.00
18.46,11.21,5.00,11.21,1.00
18.50,11.23,5.00,11.23,1.00
18.54,11.25,5.00,11.25,1.00
18.58,11.27,5.00,11.27,1.00
18.62,11.29,5.00,11.29,1.00
18.67,11.31,5.00,11.31,1.00
18.71,11.33,5.00,11.33,1.00
18.75,11.35,5.00,11.35,1.00
18.79,11.38,5.00,11.38,1.00
18.83,11.40,5.00,11.40,1.00
18.88,11.42,5.00,11.42,1.00
18.92,11.44,5.00,11.44,1.00
18.96,11.46,5.00,11.46,1.00
19.00,11.48,5.00,11.48,1.00
19.04,11.50,5.00,11.50,1.00
19.08,11.52,5.00,11.52,1.00
19.12,11.54,5.00,11.54,1.00
19.17,11.56,5.00,11.56,1.00
19.21,11.58,5.00,11.58,1.00
19.25,11.60,5.00,11.60,1.00
19.29,11.63,5.00,11.63,1.00
19.33,11.65,5.00,11.65,1.00
19.38,11.67,5.00,11.67,1.00
19.42,11.69,5.00,11.69,1.00
19.46,11.71,5.00,11.71,1.00
19.50,11.73,5.00,11.73,1.00
19.54,11.75,5.00,11.75,1.00
19.58,11.77,5.00,11.77,1.00
19.62,11.79,5.00,11.79,1.00
19.67,11.81,5.00,11.81,1.00
19.71,11.83,5.00,11.83,1.00
19.75,11.85,5.00,11.85,1.00
19.79,11.88,5.00,11.88,1.00
19.83,11.90,5.00,11.90,1.00
19.88,11.92,5.00,11.92,1.00
19.92,11.94,5.00,11.94,1.00
19.96,11.96,5.00,11.96,1.00
20.00,11.98,5.00,11.98,1.00
20.04,12.00,5.00,12.00,1.00
20.08,12.02,5.00,12.02,1.00
20.12,12.04,5.00,12.04,1.00
20.17,12.06,5.00,12.06,1.00
20.21,12.08,5.00,12.08,1.00
20.25,12.10,5.00,12.10,1.00
20.29,12.13,5.00,12.13,1.00
20.33,12.15,5.00,12.15,1.00
20.38,12.17,5.00,12.17,1.00
20.42,12.19,5.00,12.19,1.00
20.46,12.21,5.00,12.21,1.00
20.50,12.23,5.00,12.23,1.00
20.54,12.25,5.00,12.25,1.00
20.58,12.27,5.00,12.27,1.00
20.62,12.29,5.00,12.29,1.00
20.67,12.31,5.00,12.31,1.00
20.71,12.33,5.00,12.33,1.00
20.75,12.35,5.00,12.35,1.00
20.79,12.38,5.00,12.38,1.00
20.83,12.40,5.00,12.40,1.00
20.88,12.42,5.00,12.42,1.00
20.92,12.44,5.00,12.44,1.00
20.96,12.46,5.00,12.46,1.00
21.00,12.48,5.00,12.48,1.00
21.04,12.50,5.00,12.50,1.00
21.08,12.52,5.00,12.52,1.00
21.12,12.54,5.00,12.54,1.00
21.17,12.56,5.00,12.56,1.00
21.21,12.58,5.00,12.58,1.00
21.25,12.60,5.00,12.60,1.00
21.29,12.63,5.00,12.63,1.00
21.33,12.65,5.00,12.65,1.00
21.38,12.67,5.00,12.67,1.00
21.42,12.69,5.00,12.69,1.00
21.46,12.71,5.00,12.71,1.00
21.50,12.73,5.00,12.73,1.00
21.54,12.75,5.00,12.75,1.00
21.58,12.77,5.00,12.77,1.00
21.62,12.79,5.00,12.79,1.00
21.67,12.81,5.00,12.81,1.00
21.71,12.83,5.00,12.83,1.00
21.75,12.85,5.00,12.85,1.00
21.79,12.88,5.00,12.88,1.00
21.83,12.90,5.00,12.90,1.00
21.88,12.92,5.00,12.92,1.00
21.92,12.94,5.00,12.94,1.00
21.96,12.96,5.00,12.96,1.00
22.00,12.98,5.00,12.98,1.00
22.04,13.00,5.00,13.00,1.00
22.08,13.02,5.00,13.02,1.00
22.12,13.04,5.00,13.04,1.00
22.17,13.06,5.00,13.06,1.00
22.21,13.08,5.00,13.08,1.00
22.25,13.10,5.00,13.10,1.00
22.29,13.13,5.00,13.13,1.00
22.33,13.15,5.00,13.15,1.00
22.38,13.17,5.00,13.17,1.00
22.42,13.19,5.00,13.19,1.00
22.46,13.21,5.00,13.21,1.00
22.50,13.23,5.00,13.23,1.00
22.54,13.25,5.00,13.25,1.00
22.58,13.27,5.00,13.27,1.00
22.62,13.29,5.00,13.29,1.00
22.67,13.31,5.00,13.31,1.00
22.71,13.33,5.00,13.33,1.00
22.75,13.35,5.00,13.35,1.00
22.79,13.38,5.00,13.38,1.00
22.83,13.40,5.00,13.40,1.00
22.88,13.42,5.00,13.42,1.00
22.92,13.44,5.00,13.44,1.00
22.96,13.46,5.00,13.46,1.00
23.00,13.48,5.00,13.48,1.00
23.04,13.50,5.00,13.50,1.00
23.08,13.52,5.00,13.52,1.00
23.12,13.54,5.00,13.54,1.00
23.17,13.56,5.00,13.56,1.00
23.21,13.58,5.00,13.58,1.00
23.25,13.60,5.00,13.60,1.00
23.29,13.63,5.00,13.63,1.00
23.33,13.65,5.00,13.65,1.00
23.38,13.67,5.00,13.67,1.00
23.42,13.69,5.00,13.69,1.00
23.46,13.71,5.00,13.71,1.00
23.50,13.73,5.00,13.73,1.00
23.54,13.75,5.00,13.75,1.00
23.58,13.77,5.00,13.77,1.00
23.62,13.79,5.00,13.79,1.00
23.67,13.81,5.00,13.81,1.00
23.71,13.83,5.00,13.83,1.00
23.75,13.85,5.00,13.85,1.00
23.79,13.88,5.00,13.88,1.00
23.83,13.90,5.00,13.90,1.00
23.88,13.92,5.00,13.92,1.00
23.92,13.94,5.00,13.94,1.00
23.96,13.96,5.00,13.96,1.00
24.00,13.98,5.00,13.98,1.00
24.04,14.00,5.00,14.00,1.00
24.08,14.02,5.00,14.02,1.00
24.12,14.04,5.00,14.04,1.00
24.17,14.06,5.00,14.06,1.00
24.21,14.08,5.00,14.08,1.00
24.25,14.10,5.00,14.10,1.00
24.29,14.13,5.00,14.13,1.00
24.33,14.15,5.00,14.15,1.00
24.38,14.17,5.00,14.17,1.00
24.42,14.19,5.00,14.19,1.00
24.46,14.21,5.00,14.21,1.00
24.50,14.23,5.00,14.23,1.00
24.54,14.25,5.00,14.25,1.00
24.58,14.27,5.00,14.27,1.00
24.62,14.29,5.00,14.29,1.00
24.67,14.31,5.00,14.31,1.00
24.71,14.33,5.00,14.33,1.00
24.75,14.35,5.00,14.35,1.00
24.79,14.38,5.00,14.38,1.00
24.83,14.40,5.00,14.40,1.00
24.88,14.42,5.00,14.42,1.00
24.92,14.44,5.00,14.44,1.00
24.96,14.46,5.00,14.46,1.00
25.00,14.48,5.00,14.48,1.00
25.04,14.50,5.00,14.50,1.00
25.08,14.52,5.00,14.52,1.00
25.12,14.54,5.00,14.54,1.00
25.17,14.56,5.00,14.56,1.00
25.21,14.58,5.00,14.58,1.00
25.25,14.60,5.00,14.60,1.00
25.29,14.63,5.00,14.63,1.00
25.33,14.65,5.00,14.65,1.00
25.38,14.67,5.00,14.67,1.00
25.42,14.69,5.00,14.69,1.00
25.46,14.71,5.00,14.71,1.00
25.50,14.73,5.00,14.73,1.00
25.54,14.75,5.00,14.75,1.00
25.58,14.77,5.00,14.77,1.00
25.62,14.79,5.00,14.79,1.00
25.67,14.81,5.00,14.81,1.00
25.71,14.83,5.00,14.83,1.00
25.75,14.85,5.00,14.85,1.00
25.79,14.88,5.00,14.88,1.00
25.83,14.90,5.00,14.90,1.00
25.88,14.92,5.00,14.92,1.00
25.92,14.94,5.00,14.94,1.00
25.96,14.96,5.00,14.96,1.00
26.00,14.98,5.00,14.98,1.00
26.04,15.00,5.00,15.00,1.00
26.08,15.02,5.00,15.02,1.00
26.12,15.04,5.00,15.04,1.00
26.17,15.06,5.00,15.06,1.00
26.21,15.08,5.00,15.08,1.00
26.25,15.10,5.00,15.10,1.00
26.29,15.13,5.00,15.13,1.00
26.33,15.15,5.00,15.15,1.00
26.38,15.17,5.00,15.17,1.00
26.42,15.19,5.00,15.19,1.00
26.46,15.21,5.00,15.21,1.00
26.50,15.23,5.00,15.23,1.00
26.54,15.25,5.00,15.25,1.00
26.58,15.27,5.00,15.27,1.00
26.62,15.29,5.00,15.29,1.00
26.67,15.31,5.00,15.31,1.00
26.71,15.33,5.00,15.33,1.00
26.75,15.35,5.00,15.35,1.00
26.79,15.38,5.00,15.38,1.00
26.83,15.40,5.00,15.40,1.00
26.88,15.42,5.00,15.42,1.00
26.92,15.44,5.00,15.44,1.00
26.96,15.46,5.00,15.46,1.00
27.00,15.48,5.00,15.48,1.00
27.04,15.50,5.00,15.50,1.00
27.08,15.52,5.00,15.52,1.00
27.12,15.54,5.00,15.54,1.00
27.17,15.56,5.00,15.56,1.00
27.21,15.58,5.00,15.58,1.00
27.25,15.60,5.00,15.60,1.00
27.29,15.63,5.00,15.63,1.00
27.33,15.65,5.00,15.65,1.00
27.38,15.67,5.00,15.67,1.00
27.42,15.69,5.00,15.69,1.00
27.46,15.71,5.00,15.71,1.00
27.50,15.73,5.00,15.73,1.00
27.54,15.75,5.00,15.75,1.00
27.58,15.77,5.00,15.77,1.00
27.62,15.79,5.00,15.79,1.00
27.67,15.81,5.00,15.81,1.00
27.71,15.83,5.00,15.83,1.00
27.75,15.85,5.00,15.85,1.00
27.79,15.88,5.00,15.88,1.00
27.83,15.90,5.00,15.90,1.00
27.88,15.92,5.00,15.92,1.00
27.92,15.94,5.00,15.94,1.00
27.96,15.96,5.00,15.96,1.00
28.00,15.98,5.00,15.98,1.00
28.04,16.00,5.00,16.00,1.00
28.08,16.02,5.00,16.02,1.00
28.12,16.04,5.00,16.04,1.00
28.17,16.06,5.00,16.06,1.00
28.21,16.08,5.00,16.08,1.00
28.25,16.10,5.00,16.10,1.00
28.29,16.13,5.00,16.13,1.00
28.33,16.15,5.00,16.15,1.00
28.38,16.17,5.00,16.17,1.00
28.42,16.19,5.00,16.19,1.00
28.46,16.21,5.00,16.21,1.00
28.50,16.23,5.00,16.23,1.00
28.54,16.25,5.00,16.25,1.00
28.58,16.27,5.00,16.27,1.00
28.62,16.29,5.00,16.29,1.00
28.67,16.31,5.00,16.31,1.00
28.71,16.33,5.00,16.33,1.00
28.75,16.35,5.00,16.35,1.00
28.79,16.38,5.00,16.38,1.00
28.83,16.40,5.00,16.40,1.00
28.88,16.42,5.00,16.42,1.00
28.92,16.44,5.00,16.44,1.00
28.96,16.46,5.00,16.46,1.00
29.00,16.48,5.00,16.48,1.00
29.04,16.50,5.00,16.50,1.00
29.08,16.52,5.00,16.52,1.00
29.12,16.54,5.00,16.54,1.00
29.17,16.56,5.00,16.56,1.00
29.21,16.58,5.00,16.58,1.00
29.25,16.60,5.00,16.60,1.00
29.29,16.63,5.00,16.63,1.00
29.33,16.65,5.00,16.65,1.00
29.38,16.67,5.00,16.67,1.00
29.42,16.69,5.00,16.69,1.00
29.46,16.71,5.00,16.71,1.00
29.50,16.73,5.00,16.73,1.00
29.54,16.75,5.00,16.75,1.00
29.58,16.77,5.00,16.77,1.00
29.62,16.79,5.00,16.79,1.00
29.67,16.81,5.00,16.81,1.00
29.71,16.83,5.00,16.83,1.00
29.75,16.85,5.00,16.85,1.00
29.79,16.88,5.00,16.88,1.00
29.83,16.90,5.00,16.90,1.00
29.88,16.92,5.00,16.92,1.00
29.92,16.94,5.00,16.94,1.00
29.96,16.96,5.00,16.96,1.00
30.00,16.98,5.00,16.98,1.00
30.04,17.00,5.00,17.00,1.00
30.08,17.02,5.00,17.02,1.00
30.12,17.04,5.00,17.04,1.00
30.17,17.06,5.00,17.06,1.00
30.21,17.08,5.00,17.08,1.00
30.25,17.10,5.00,17.10,1.00
30.29,17.13,5.00,17.13,1.00
30.33,17.15,5.00,17.15,1.00
30.38,17.17,5.00,17.17,1.00
30.42,17.19,5.00,17.19,1.00
30.46,17.21,5.00,17.21,1.00
30.50,17.23,5.00,17.23,1.00
30.54,17.25,5.00,17.25,1.00
30.58,17.27,5.00,17.27,1.00
30.62,17.29,5.00,17.29,1.00
30.67,17.31,5.00,17.31,1.00
30.71,17.33,5.00,17.33,1.00
30.75,17.35,5.00,17.35,1.00
30.79,17.38,5.00,17.38,1.00
30.83,17.40,5.00,17.40,1.00
30.88,17.42,5.00,17.42,1.00
30.92,17.44,5.00,17.44,1.00
30.96,17.46,5.00,17.46,1.00
31.00,17.48,5.00,17.48,1.00
31.04,17.50,5.00,17.50,1.00
31.08,17.52,5.00,17.52,1.00
31.12,17.54,5.00,17.54,1.00
31.17,17.56,5.00,17.56,1.00
31.21,17.58,5.00,17.58,1.00
31.25,17.60,5.00,17.60,1.00
31.29,17.63,5.00,17.63,1.00
31.33,17.65,5.00,17.65,1.00
31.38,17.67,5.00,17.67,1.00
31.42,17.69,5.00,17.69,1.00
31.46,17.71,5.00,17.71,1.00
31.50,17.73,5.00,17.73,1.00
31.54,17.75,5.00,17.75,1.00
31.58,17.77,5.00,17.77,1.00
31.62,17.79,5.00,17.79,1.00
31.67,17.81,5.00,17.81,1.00
31.71,17.83,5.00,17.83,1.00
31.75,17.85,5.00,17.85,1.00
31.79,17.88,5.00,17.88,1.00
31.83,17.90,5.00,17.90,1.00
31.88,17.92,5.00,17.92,1.00
31.92,17.94,5.00,17.94,1.00
31.96,17.96,5.00,17.96,1.00
32.00,17.98,5.00,17.98,1.00
32.04,18.00,5.00,18.00,1.00
32.08,18.02,5.00,18.02,1.00
32.12,18.04,5.00,18.04,1.00
32.17,18.06,5.00,18.06,1.00
32.21,18.08,5.00,18.08,1.00
32.25,18.10,5.00,18.10,1.00
32.29,18.13,5.00,18.13,1.00
32.33,18.15,5.00,18.15,1.00
32.38,18.17,5.00,18.17,1.00
32.42,18.19,5.00,18.19,1.00
32.46,18.21,5.00,18.21,1.00
32.50,18.23,5.00,18.23,1.00
32.54,18.25,5.00,18.25,1.00
32.58,18.27,5.00,18.27,1.00
32.62,18.29,5.00,18.29,1.00
32.67,18.31,5.00,18.31,1.00
32.71,18.33,5.00,18.33,1.00
32.75,18.35,5.00,18.35,1.00
32.79,18.38,5.00,18.38,1.00
32.83,18.40,5.00,18.40,1.00
32.88,18.42,5.00,18.42,1.00
32.92,18.44,5.00,18.44,1.00
32.96,18.46,5.00,18.46,1.00
33.00,18.48,5.00,18.48,1.00
33.04,18.50,5.00,18.50,1.00
33.08,18.52,5.00,18.52,1.00
33.12,18.54,5.00,18.54,1.00
33.17,18.56,5.00,18.56,1.00
33.21,18.58,5.00,18.58,1.00
33.25,18.60,5.00,18.60,1.00
33.29,18.63,5.00,18.63,1.00
33.33,18.65,5.00,18.65,1.00
33.38,18.67,5.00,18.67,1.00
33.42,18.69,5.00,18.69,1.00
33.46,18.71,5.00,18.71,1.00
33.50,18.73,5.00,18.73,1.00
33.54,18.75,5.00,18.75,1.00
33.58,18.77,5.00,18.77,1.00
33.62,18.79,5.00,18.79,1.00
33.67,18.81,5.00,18.81,1.00
33.71,18.83,5.00,18.83,1.00
33.75,18.85,5.00,18.85,1.00
33.79,18.88,5.00,18.88,1.00
33.83,18.90,5.00,18.90,1.00
33.88,18.92,5.00,18.92,1.00
33.92,18.94,5.00,18.94,1.00
33.96,18.96,5.00,18.96,1.00
34.00,18.98,5.00,18.98,1.00
34.04,19.00,5.00,19.00,1.00
34.08,19.02,5.00,19.02,1.00
34.12,19.04,5.00,19.04,1.00
34.17,19.06,5.00,19.06,1.00
34.21,19.08,5.00,19.08,1.00
34.25,19.10,5.00,19.10,1.00
34.29,19.13,5.00,19.13,1.00
34.33,19.15,5.00,19.15,1.00
34.38,19.17,5.00,19.17,1.00
34.42,19.19,5.00,19.19,1.00
34.46,19.21,5.00,19.21,1.00
34.50,19.23,5.00,19.23,1.00
34.54,19.25,5.00,19.25,1.00
34.58,19.27,5.00,19.27,1.00
34.62,19.29,5.00,19.29,1.00
34.67,19.31,5.00,19.31,1.00
34.71,19.33,5.00,19.33,1.00
34.75,19.35,5.00,19.35,1.00
34.79,19.38,5.00,19.38,1.00
34.83,19.40,5.00,19.40,1.00
34.88,19.42,5.00,19.42,1.00
34.92,19.44,5.00,19.44,1.00
34.96,19.46,5.00,19.46,1.00
35.00,19.48,5.00,19.48,1.00
35.04,19.50,5.00,19.50,1.00
35.08,19.52,5.00,19.52,1.00
35.12,19.54,5.00,19.54,1.00
35.17,19.56,5.00,19.56,1.00
35.21,19.58,5.00,19.58,1.00
35.25,19.60,5.00,19.60,1.00
35.29,19.63,5.00,19.63,1.00
35.33,19.65,5.00,19.65,1.00
35.38,19.67,5.00,19.67,1.00
35.42,19.69,5.00,19.69,1.00
35.46,19.71,5.00,19.71,1.00
35.50,19.73,5.00,19.73,1.00
35.54,19.75,5.00,19.75,1.00
35.58,19.77,5.00,19.77,1.00
35.62,19.79,5.00,19.79,1.00
35.67,19.81,5.00,19.81,1.00
35.71,19.83,5.00,19.83,1.00
35.75,19.85,5.00,19.85,1.00
35.79,19.88,5.00,19.88,1.00
35.83,19.90,5.00,19.90,1.00
35.88,19.92,5.00,19.92,1.00
35.92,19.94,5.00,19.94,1.00
35.96,19.96,5.00,19.96,1.00
36.00,19.98,5.00,19.98,1.00
36.04,20.00,5.00,20.00,1.00
36.08,20.02,5.00,20.02,1.00
36.12,20.04,5.00,20.04,1.00
36.17,20.06,5.00,20.06,1.00
36.21,20.08,5.00,20.08,1.00
36.25,20.10,5.00,20.10,1.00
36.29,20.13,5.00,20.13,1.00
36.33,20.15,5.00,20.15,1.00
36.38,20.17,5.00,20.17,1.00
36.42,20.19,5.00,20.19,1.00
36.46,20.21,5.00,20.21,1.00
36.50,20.23,5.00,20.23,1.00
36.54,20.25,5.00,20.25,1.00
36.58,20.27,5.00,20.27,1.00
36.62,20.29,5.00,20.29,1.00
36.67,20.31,5.00,20.31,1.00
36.71,20.33,5.00,20.33,1.00
36.75,20.35,5.00,20.35,1.00
36.79,20.38,5.00,20.38,1.00
36.83,20.40,5.00,20.40,1.00
36.88,20.42,5.00,20.42,1.00
36.92,20.44,5.00,20.44,1.00
36.96,20.46,5.00,20.46,1.00
37.00,20.48,5.00,20.48,1.00
37.04,20.50,5.00,20.50,1.00
37.08,20.52,5.00,20.52,1.00
37.12,20.54,5.00,20.54,1.00
37.17,20.56,5.00,20.56,1.00
37.21,20.58,5.00,20.58,1.00
37.25,20.60,5.00,20.60,1.00
37.29,20.63,5.00,20.63,1.00
37.33,20.65,5.00,20.65,1.00
37.38,20.67,5.00,20.67,1.00
37.42,20.69,5.00,20.69,1.00
37.46,20.71,5.00,20.71,1.00
37.50,20.73,5.00,20.73,1.00
37.54,20.75,5.00,20.75,1.00
37.58,20.77,5.00,20.77,1.00
37.62,20.79,5.00,20.79,1.00
37.67,20.81,5.00,20.81,1.00
37.71,20.83,5.00,20.83,1.00
37.75,20.85,5.00,20.85,1.00
37.79,20.88,5.00,20.88,1.00
37.83,20.90,5.00,20.90,1.00
37.88,20.92,5.00,20.92,1.00
37.92,20.94,5.00,20.94,1.00
37.96,20.96,5.00,20.96,1.00
38.00,20.98,5.00,20.98,1.00
38.04,21.00,5.00,21.00,1.00
38.08,21.02,5.00,21.02,1.00
38.12,21.04,5.00,21.04,1.00
38.17,21.06,5.00,21.06,1.00
38.21,21.08,5.00,21.08,1.00
38.25,21.10,5.00,21.10,1.00
38.29,21.13,5.00,21.13,1.00
38.33,21.15,5.00,21.15,1.00
38.38,21.17,5.00,21.17,1.00
38.42,21.19,5.00,21.19,1.00
38.46,21.21,5.00,21.21,1.00
38.50,21.23,5.00,21.23,1.00
38.54,21.25,5.00,21.25,1.00
38.58,21.27,5.00,21.27,1.00
38.62,21.29,5.00,21.29,1.00
38.67,21.31,5.00,21.31,1.00
38.71,21.33,5.00,21.33,1.00
38.75,21.35,5.00,21.35,1.00
38.79,21.38,5.00,21.38,1.00
38.83,21.40,5.00,21.40,1.00
38.88,21.42,5.00,21.42,1.00
38.92,21.44,5.00,21.44,1.00
38.96,21.46,5.00,21.46,1.00
39.00,21.48,5.00,21.48,1.00
39.04,21.50,5.00,21.50,1.00
39.08,21.52,5.00,21.52,1.00
39.12,21.54,5.00,21.54,1.00
39.17,21.56,5.00,21.56,1.00
39.21,21.58,5.00,21.58,1.00
39.25,21.60,5.00,21.60,1.00
39.29,21.63,5.00,21.63,1.00
39.33,21.65,5.00,21.65,1.00
39.38,21.67,5.00,21.67,1.00
39.42,21.69,5.00,21.69,1.00
39.46,21.71,5.00,21.71,1.00
39.50,21.73,5.00,21.73,1.00
39.54,21.75,5.00,21.75,1.00
39.58,21.77,5.00,21.77,1.00
39.62,21.79,5.00,21.79,1.00
39.67,21.81,5.00,21.81,1.00
39.71,21.83,5.00,21.83,1.00
39.75,21.85,5.00,21.85,1.00
39.79,21.88,5.00,21.88,1.00
39.83,21.90,5.00,21.90,1.00
39.88,21.92,5.00,21.92,1.00
39.92,21.94,5.00,21.94,1.00
39.96,21.96,5.00,21.96,1.00
40.00,21.98,5.00,21.98,1.00
40.04,22.00,5.00,22.00,1.00
40.08,22.02,5.00,22.02,1.00
40.12,22.04,5.00,22.04,1.00
40.17,22.06,5.00,22.06,1.00
40.21,22.08,5.00,22.08,1.00
40.25,22.10,5.00,22.10,1.00
40.29,22.13,5.00,22.13,1.00
40.33,22.15,5.00,22.15,1.00
40.38,22.17,5.00,22.17,1.00
40.42,22.19,5.00,22.19,1.00
40.46,22.21,5.00,22.21,1.00
40.50,22.23,5.00,22.23,1.00
40.54,22.25,5.00,22.25,1.00
40.58,22.27,5.00,22.27,1.00
40.62,22.29,5.00,22.29,1.00
40.67,22.31,5.00,22.31,1.00
40.71,22.33,5.00,22.33,1.00
40.75,22.35,5.00,22.35,1.00
40.79,22.38,5.00,22.38,1.00
40.83,22.40,5.00,22.40,1.00
40.88,22.42,5.00,22.42,1.00
40.92,22.44,5.00,22.44,1.00
40.96,22.46,5.00,22.46,1.00
41.00,22.48,5.00,22.48,1.00
41.04,22.50,5.00,22.50,1.00
41.08,22.52,5.00,22.52,1.00
41.12,22.54,5.00,22.54,1.00
41.17,22.56,5.00,22.56,1.00
41.21,22.58,5.00,22.58,1.00
41.25,22.60,5.00,22.60,1.00
41.29,22.63,5.00,22.63,1.00
41.33,22.65,5.00,22.65,1.00
41.38,22.67,5.00,22.67,1.00
41.42,22.69,5.00,22.69,1.00
41.46,22.71,5.00,22.71,1.00
41.50,22.73,5.00,22.73,1.00
41.54,22.75,5.00,22.75,1.00
41.58,22.77,5.00,22.77,1.00
41.62,22.79,5.00,22.79,1.00
41.67,22.81,5.00,22.81,1.00
41.71,22.83,5.00,22.83,1.00
41.75,22.85,5.00,22.85,1.00
41.79,22.88,5.00,22.88,1.00
41.83,22.90,5.00,22.90,1.00
41.88,22.92,5.00,22.92,1.00
41.92,22.94,5.00,22.94,1.00
41.96,22.96,5.00,22.96,1.00
42.00,22.98,5.00,22.98,1.00
42.04,23.00,5.00,23.00,1.00
42.08,23.02,5.00,23.02,1.00
42.12,23.04,5.00,23.04,1.00
42.17,23.06,5.00,23.06,1.00
42.21,23.08,5.00,23.08,1.00
42.25,23.10,5.00,23.10,1.00
42.29,23.13,5.00,23.13,1.00
42.33,23.15,5.00,23.15,1.00
42.38,23.17,5.00,23.17,1.00
42.42,23.19,5.00,23.19,1.00
42.46,23.21,5.00,23.21,1.00
42.50,23.23,5.00,23.23,1.00
42.54,23.25,5.00,23.25,1.00
42.58,23.27,5.00,23.27,1.00
42.62,23.29,5.00,23.29,1.00
42.67,23.31,5.00,23.31,1.00
42.71,23.33,5.00,23.33,1.00
42.75,23.35,5.00,23.35,1.00
42.79,23.38,5.00,23.38,1.00
42.83,23.40,5.00,23.40,1.00
42.88,23.42,5.00,23.42,1.00
42.92,23.44,5.00,23.44,1.00
42.96,23.46,5.00,23.46,1.00
43.00,23.48,5.00,23.48,1.00
43.04,23.50,5.00,23.50,1.00
43.08,23.52,5.00,23.52,1.00
43.12,23.54,5.00,23.54,1.00
43.17,23.56,5.00,23.56,1.00
43.21,23.58,5.00,23.58,1.00
43.25,23.60,5.00,23.60,1.00
43.29,23.63,5.00,23.63,1.00
43.33,23.65,5.00,23.65,1.00
43.38,23.67,5.00,23.67,1.00
43.42,23.69,5.00,23.69,1.00
43.46,23.71,5.00,23.71,1.00
43.50,23.73,5.00,23.73,1.00
43.54,23.75,5.00,23.75,1.00
43.58,23.77,5.00,23.77,1.00
43.62,23.79,5.00,23.79,1.00
43.67,23.81,5.00,23.81,1.00
43.71,23.83,5.00,23.83,1.00
43.75,23.85,5.00,23.85,1.00
43.79,23.88,5.00,23.88,1.00
43.83,23.90,5.00,23.90,1.00
43.88,23.92,5.00,23.92,1.00
43.92,23.94,5.00,23.94,1.00
43.96,23.96,5.00,23.96,1.00
44.00,23.98,5.00,23.98,1.00
44.04,24.00,5.00,24.00,1.00
44.08,24.02,5.00,24.02,1.00
44.12,24.04,5.00,24.04,1.00
44.17,24.06,5.00,24.06,1.00
44.21,24.08,5.00,24.08,1.00
44.25,24.10,5.00,24.10,1.00
44.29,24.13,5.00,24.13,1.00
44.33,24.15,5.00,24.15,1.00
44.38,24.17,5.00,24.17,1.00
44.42,24.19,5.00,24.19,1.00
44.46,24.21,5.00,24.21,1.00
44.50,24.23,5.00,24.23,1.00
44.54,24.25,5.00,24.25,1.00
44.58,24.27,5.00,24.27,1.00
44.62,24.29,5.00,24.29,1.00
44.67,24.31,5.00,24.31,1.00
44.71,24.33,5.00,24.33,1.00
44.75,24.35,5.00,24.35,1.00
44.79,24.38,5.00,24.38,1.00
44.83,24.40,5.00,24.40,1.00
44.88,24.42,5.00,24.42,1.00
44.92,24.44,5.00,24.44,1.00
44.96,24.46,5.00,24.46,1.00
45.00,24.48,5.00,24.48,1.00
45.04,24.50,5.00,24.50,1.00
45.08,24.52,5.00,24.52,1.00
45.12,24.54,5.00,24.54,1.00
45.17,24.56,5.00,24.56,1.00
45.21,24.58,5.00,24.58,1.00
45.25,24.60,5.00,24.60,1.00
45.29,24.63,5.00,24.63,1.00
45.33,24.65,5.00,24.65,1.00
45.38,24.67,5.00,24.67,1.00
45.42,24.69,5.00,24.69,1.00
45.46,24.71,5.00,24.71,1.00
45.50,24.73,5.00,24.73,1.00
45.54,24.75,5.00,24.75,1.00
45.58,24.77,5.00,24.77,1.00
45.62,24.79,5.00,24.79,1.00
45.67,24.81,5.00,24.81,1.00
45.71,24.83,5.00,24.83,1.00
45.75,24.85,5.00,24.85,1.00
45.79,24.88,5.00,24.88,1.00
45.83,24.90,5.00,24.90,1.00
45.88,24.92,5.00,24.92,1.00
45.92,24.94,5.00,24.94,1.00
45.96,24.96,5.00,24.96,1.00
46.00,24.98,5.00,24.98,1.00
46.04,25.00,5.00,25.00,1.00
46.08,25.02,5.00,25.02,1.00
46.12,25.04,5.00,25.04,1.00
46.17,25.06,5.00,25.06,1.00
46.21,25.08,5.00,25.08,1.00
46.25,25.10,5.00,25.10,1.00
46.29,25.13,5.00,25.13,1.00
46.33,25.15,5.00,25.15,1.00
46.38,25.17,5.00,25.17,1.00
46.42,25.19,5.00,25.19,1.00
46.46,25.21,5.00,25.21,1.00
46.50,25.23,5.00,25.23,1.00
46.54,25.25,5.00,25.25,1.00
46.58,25.27,5.00,25.27,1.00
46.62,25.29,5.00,25.29,1.00
46.67,25.31,5.00,25.31,1.00
46.71,25.33,5.00,25.33,1.00
46.75,25.35,5.00,25.35,1.00
46.79,25.38,5.00,25.38,1.00
46.83,25.40,5.00,25.40,1.00
46.88,25.42,5.00,25.42,1.00
46.92,25.44,5.00,25.44,1.00
46.96,25.46,5.00,25.46,1.00
47.00,25.48,5.00,25.48,1.00
47.04,25.50,5.00,25.50,1.00
47.08,25.52,5.00,25.52,1.00
47.12,25.54,5.00,25.54,1.00
47.17,25.56,5.00,25.56,1.00
47.21,25.58,5.00,25.58,1.00
47.25,25.60,5.00,25.60,1.00
47.29,25.63,5.00,25.63,1.00
47.33,25.65,5.00,25.65,1.00
47.38,25.67,5.00,25.67,1.00
47.42,25.69,5.00,25.69,1.00
47.46,25.71,5.00,25.71,1.00
47.50,25.73,5.00,25.73,1.00
47.54,25.75,5.00,25.75,1.00
47.58,25.77,5.00,25.77,1.00
47.62,25.79,5.00,25.79,1.00
47.67,25.81,5.00,25.81,1.00
47.71,25.83,5.00,25.83,1.00
47.75,25.85,5.00,25.85,1.00
47.79,25.88,5.00,25.88,1.00
47.83,25.90,5.00,25.90,1.00
47.88,25.92,5.00,25.92,1.00
47.92,25.94,5.00,25.94,1.00
47.96,25.96,5.00,25.96,1.00
48.00,25.98,5.00,25.98,1.00
48.04,26.00,5.00,26.00,1.00
48.08,26.02,5.00,26.02,1.00
48.12,26.04,5.00,26.04,1.00
48.17,26.06,5.00,26.06,1.00
48.21,26.08,5.00,26.08,1.00
48.25,26.10,5.00,26.10,1.00
48.29,26.13,5.00,26.13,1.00
48.33,26.15,5.00,26.15,1.00
48.38,26.17,5.00,26.17,1.00
48.42,26.19,5.00,26.19,1.00
48.46,26.21,5.00,26.21,1.00
48.50,26.23,5.00,26.23,1.00
48.54,26.25,5.00,26.25,1.00
48.58,26.27,5.00,26.27,1.00
48.62,26.29,5.00,26.29,1.00
48.67,26.31,5.00,26.31,1.00
48.71,26.33,5.00,26.33,1.00
48.75,26.35,5.00,26.35,1.00
48.79,26.38,5.00,26.38,1.00
48.83,26.40,5.00,26.40,1.00
48.88,26.42,5.00,26.42,1.00
48.92,26.44,5.00,26.44,1.00
48.96,26.46,5.00,26.46,1.00
49.00,26.48,5.00,26.48,1.00
49.04,26.50,5.00,26.50,1.00
49.08,26.52,5.00,26.52,1.00
49.12,26.54,5.00,26.54,1.00
49.17,26.56,5.00,26.56,1.00
49.21,26.58,5.00,26.58,1.00
49.25,26.60,5.00,26.60,1.00
49.29,26.63,5.00,26.63,1.00
49.33,26.65,5.00,26.65,1.00
49.38,26.67,5.00,26.67,1.00
49.42,26.69,5.00,26.69,1.00
49.46,26.71,5.00,26.71,1.00
49.50,26.73,5.00,26.73,1.00
49.54,26.75,5.00,26.75,1.00
49.58,26.77,5.00,26.77,1.00
49.62,26.79,5.00,26.79,1.00
49.67,26.81,5.00,26.81,1.00
49.71,26.83,5.00,26.83,1.00
49.75,26.85,5.00,26.85,1.00
49.79,26.88,5.00,26.88,1.00
49.83,26.90,5.00,26.90,1.00
49.88,26.92,5.00,26.92,1.00
49.92,26.94,5.00,26.94,1.00
49.96,26.96,5.00,26.96,1.00
50.00,26.98,5.00,26.98,1.00
50.04,27.00,5.00,27.00,1.00
50.08,27.02,5.00,27.02,1.00
50.12,27.04,5.00,27.04,1.00
50.17,27.06,5.00,27.06,1.00
50.21,27.08,5.00,27.08,1.00
50.25,27.10,5.00,27.10,1.00
50.29,27.13,5.00,27.13,1.00
50.33,27.15,5.00,27.15,1.00
50.38,27.17,5.00,27.17,1.00
50.42,27.19,5.00,27.19,1.00
50.46,27.21,5.00,27.21,1.00
50.50,27.23,5.00,27.23,1.00
50.54,27.25,5.00,27.25,1.00
50.58,27.27,5.00,27.27,1.00
50.62,27.29,5.00,27.29,1.00
50.67,27.31,5.00,27.31,1.00
50.71,27.33,5.00,27.33,1.00
50.75,27.35,5.00,27.35,1.00
50.79,27.38,5.00,27.38,1.00
50.83,27.40,5.00,27.40,1.00
50.88,27.42,5.00,27.42,1.00
50.92,27.44,5.00,27.44,1.00
50.96,27.46,5.00,27.46,1.00
51.00,27.48,5.00,27.48,1.00
51.04,27.50,5.00,27.50,1.00
51.08,27.52,5.00,27.52,1.00
51.12,27.54,5.00,27.54,1.00
51.17,27.56,5.00,27.56,1.00
51.21,27.58,5.00,27.58,1.00
51.25,27.60,5.00,27.60,1.00
51.29,27.63,5.00,27.63,1.00
51.33,27.65,5.00,27.65,1.00
51.38,27.67,5.00,27.67,1.00
51.42,27.69,5.00,27.69,1.00
51.46,27.71,5.00,27.71,1.00
51.50,27.73,5.00,27.73,1.00
51.54,27.75,5.00,27.75,1.00
51.58,27.77,5.00,27.77,1.00
51.62,27.79,5.00,27.79,1.00
51.67,27.81,5.00,27.81,1.00
51.71,27.83,5.00,27.83,1.00
51.75,27.85,5.00,27.85,1.00
51.79,27.88,5.00,27.88,1.00
51.83,27.90,5.00,27.90,1.00
51.88,27.92,5.00,27.92,1.00
51.92,27.94,5.00,27.94,1.00
51.96,27.96,5.00,27.96,1.00
52.00,27.98,5.00,27.98,1.00
52.04,28.00,5.00,28.00,1.00
52.08,28.02,5.00,28.02,1.00
52.12,28.04,5.00,28.04,1.00
52.17,28.06,5.00,28.06,1.00
52.21,28.08,5.00,28.08,1.00
52.25,28.10,5.00,28.10,1.00
52.29,28.13,5.00,28.13,1.00
52.33,28.15,5.00,28.15,1.00
52.38,28.17,5.00,28.17,1.00
52.42,28.19,5.00,28.19,1.00
52.46,28.21,5.00,28.21,1.00
52.50,28.23,5.00,28.23,1.00
52.54,28.25,5.00,28.25,1.00
52.58,28.27,5.00,28.27,1.00
52.62,28.29,5.00,28.29,1.00
52.67,28.31,5.00,28.31,1.00
52.71,28.33,5.00,28.33,1.00
52.75,28.35,5.00,28.35,1.00
52.79,28.38,5.00,28.38,1.00
52.83,28.40,5.00,28.40,1.00
52.88,28.42,5.00,28.42,1.00
52.92,28.44,5.00,28.44,1.00
52.96,28.46,5.00,28.46,1.00
53.00,28.48,5.00,28.48,1.00
53.04,28.50,5.00,28.50,1.00
53.08,28.52,5.00,28.52,1.00
53.12,28.54,5.00,28.54,1.00
53.17,28.56,5.00,28.56,1.00
53.21,28.58,5.00,28.58,1.00
53.25,28.60,5.00,28.60,1.00
53.29,28.63,5.00,28.63,1.00
53.33,28.65,5.00,28.65,1.00
53.38,28.67,5.00,28.67,1.00
53.42,28.69,5.00,28.69,1.00
53.46,28.71,5.00,28.71,1.00
53.50,28.73,5.00,28.73,1.00
53.54,28.75,5.00,28.75,1.00
53.58,28.77,5.00,28.77,1.00
53.62,28.79,5.00,28.79,1.00
53.67,28.81,5.00,28.81,1.00
53.71,28.83,5.00,28.83,1.00
53.75,28.85,5.00,28.85,1.00
53.79,28.88,5.00,28.88,1.00
53.83,28.90,5.00,28.90,1.00
53.88,28.92,5.00,28.92,1.00
53.92,28.94,5.00,28.94,1.00
53.96,28.96,5.00,28.96,1.00
54.00,28.98,5.00,28.98,1.00
54.04,29.00,5.00,29.00,1.00
54.08,29.02,5.00,29.02,1.00
54.12,29.04,5.00,29.04,1.00
54.17,29.06,5.00,29.06,1.00
54.21,29.08,5.00,29.08,1.00
54.25,29.10,5.00,29.10,1.00
54.29,29.13,5.00,29.13,1.00
54.33,29.15,5.00,29.15,1.00
54.38,29.17,5.00,29.17,1.00
54.42,29.19,5.00,29.19,1.00
54.46,29.21,5.00,29.21,1.00
54.50,29.23,5.00,29.23,1.00
54.54,29.25,5.00,29.25,1.00
54.58,29.27,5.00,29.27,1.00
54.62,29.29,5.00,29.29,1.00
54.67,29.31,5.00,29.31,1.00
54.71,29.33,5.00,29.33,1.00
54.75,29.35,5.00,29.35,1.00
54.79,29.38,5.00,29.38,1.00
54.83,29.40,5.00,29.40,1.00
54.88,29.42,5.00,29.42,1.00
54.92,29.44,5.00,29.44,1.00
54.96,29.46,5.00,29.46,1.00
55.00,29.48,5.00,29.48,1.00
55.04,29.50,5.00,29.50,1.00
55.08,29.52,5.00,29.52,1.00
55.12,29.54,5.00,29.54,1.00
55.17,29.56,5.00,29.56,1.00
55.21,29.58,5.00,29.58,1.00
55.25,29.60,5.00,29.60,1.00
55.29,29.63,5.00,29.63,1.00
55.33,29.65,5.00,29.65,1.00
55.38,29.67,5.00,29.67,1.00
55.42,29.69,5.00,29.69,1.00
55.46,29.71,5.00,29.71,1.00
55.50,29.73,5.00,29.73,1.00
55.54,29.75,5.00,29.75,1.00
55.58,29.77,5.00,29.77,1.00
55.62,29.79,5.00,29.79,1.00
55.67,29.81,5.00,29.81,1.00
55.71,29.83,5.00,29.83,1.00
55.75,29.85,5.00,29.85,1.00
55.79,29.88,5.00,29.88,1.00
55.83,29.90,5.00,29.90,1.00
55.88,29.92,5.00,29.92,1.00
55.92,29.94,5.00,29.94,1.00
55.96,29.96,5.00,29.96,1.00
56.00,29.98,5.00,29.98,1.00
56.04,30.00,5.00,30.00,1.00
56.08,30.02,5.00,30.02,1.00
56.12,30.04,5.00,30.04,1.00
56.17,30.06,5.00,30.06,1.00
56.21,30.08,5.00,30.08,1.00
56.25,30.10,5.00,30.10,1.00
56.29,30.13,5.00,30.13,1.00
56.33,30.15,5.00,30.15,1.00
56.38,30.17,5.00,30.17,1.00
56.42,30.19,5.00,30.19,1.00
56.46,30.21,5.00,30.21,1.00
56.50,30.23,5.00,30.23,1.00
56.54,30.25,5.00,30.25,1.00
56.58,30.27,5.00,30.27,1.00
56.62,30.29,5.00,30.29,1.00
56.67,30.31,5.00,30.31,1.00
56.71,30.33,5.00,30.33,1.00
56.75,30.35,5.00,30.35,1.00
56.79,30.38,5.00,30.38,1.00
56.83,30.40,5.00,30.40,1.00
56.88,30.42,5.00,30.42,1.00
56.92,30.44,5.00,30.44,1.00
56.96,30.46,5.00,30.46,1.00
57.00,30.48,5.00,30.48,1.00
57.04,30.50,5.00,30.50,1.00
57.08,30.52,5.00,30.52,1.00
57.12,30.54,5.00,30.54,1.00
57.17,30.56,5.00,30.56,1.00
57.21,30.58,5.00,30.58,1.00
57.25,30.60,5.00,30.60,1.00
57.29,30.63,5.00,30.63,1.00
57.33,30.65,5.00,30.65,1.00
57.38,30.67,5.00,30.67,1.00
57.42,30.69,5.00,30.69,1.00
57.46,30.71,5.00,30.71,1.00
57.50,30.73,5.00,30.73,1.00
57.54,30.75,5.00,30.75,1.00
57.58,30.77,5.00,30.77,1.00
57.62,30.79,5.00,30.79,1.00
57.67,30.81,5.00,30.81,1.00
57.71,30.83,5.00,30.83,1.00
57.75,30.85,5.00,30.85,1.00
57.79,30.88,5.00,30.88,1.00
57.83,30.90,5.00,30.90,1.00
57.88,30.92,5.00,30.92,1.00
57.92,30.94,5.00,30.94,1.00
57.96,30.96,5.00,30.96,1.00
58.00,30.98,5.00,30.98,1.00
58.04,31.00,5.00,31.00,1.00
58.08,31.02,5.00,31.02,1.00
58.12,31.04,5.00,31.04,1.00
58.17,31.06,5.00,31.06,1.00
58.21,31.08,5.00,31.08,1.00
58.25,31.10,5.00,31.10,1.00
58.29,31.13,5.00,31.13,1.00
58.33,31.15,5.00,31.15,1.00
58.38,31.17,5.00,31.17,1.00
58.42,31.19,5.00,31.19,1.00
58.46,31.21,5.00,31.21,1.00
58.50,31.23,5.00,31.23,1.00
58.54,31.25,5.00,31.25,1.00
58.58,31.27,5.00,31.27,1.00
58.62,31.29,5.00,31.29,1.00
58.67,31.31,5.00,31.31,1.00
58.71,31.33,5.00,31.33,1.00
58.75,31.35,5.00,31.35,1.00
58.79,31.38,5.00,31.38,1.00
58.83,31.40,5.00,31.40,1.00
58.88,31.42,5.00,31.42,1.00
58.92,31.44,5.00,31.44,1.00
58.96,31.46,5.00,31.46,1.00
59.00,31.48,5.00,31.48,1.00
59.04,31.50,5.00,31.50,1.00
59.08,31.52,5.00,31.52,1.00
59.12,31.54,5.00,31.54,1.00
59.17,31.56,5.00,31.56,1.00
59.21,31.58,5.00,31.58,1.00
59.25,31.60,5.00,31.60,1.00
59.29,31.63,5.00,31.63,1.00
59.33,31.65,5.00,31.65,1.00
59.38,31.67,5.00,31.67,1.00
59.42,31.69,5.00,31.69,1.00
59.46,31.71,5.00,31.71,1.00
59.50,31.73,5.00,31.73,1.00
59.54,31.75,5.00,31.75,1.00
59.58,31.77,5.00,31.77,1.00
59.62,31.79,5.00,31.79,1.00
59.67,31.81,5.00,31.81,1.00
59.71,31.83,5.00,31.83,1.00
59.75,31.85,5.00,31.85,1.00
59.79,31.88,5.00,31.88,1.00
59.83,31.90,5.00,31.90,1.00
59.88,31.92,5.00,31.92,1.00
59.92,31.94,5.00,31.94,1.00
59.96,31.96,5.00,31.96,1.00
60.00,31.98,5.00,31.98,1.00
60.04,32.00,5.00,32.00,1.00
60.08,32.02,5.00,32.02,1.00
60.12,32.04,5.00,32.04,1.00
60.17,32.06,5.00,32.06,1.00
60.21,32.08,5.00,32.08,1.00
60.25,32.10,5.00,32.10,1.00
60.29,32.12,5.00,32.12,1.00
60.33,32.15,5.00,32.15,1.00
60.38,32.17,5.00,32.17,1.00
60.42,32.19,5.00,32.19,1.00
60.46,32.21,5.00,32.21,1.00
60.50,32.23,5.00,32.23,1.00
60.54,32.25,5.00,32.25,1.00
60.58,32.27,5.00,32.27,1.00
60.62,32.29,5.00,32.29,1.00
60.67,32.31,5.00,32.31,1.00
60.71,32.33,5.00,32.33,1.00
60.75,32.35,5.00,32.35,1.00
60.79,32.38,5.00,32.38,1.00
60.83,32.40,5.00,32.40,1.00
60.88,32.42,5.00,32.42,1.00
60.92,32.44,5.00,32.44,1.00
60.96,32.46,5.00,32.46,1.00
61.00,32.48,5.00,32.48,1.00
61.04,32.50,5.00,32.50,1.00
61.08,32.52,5.00,32.52,1.00
61.12,32.54,5.00,32.54,1.00
61.17,32.56,5.00,32.56,1.00
61.21,32.58,5.00,32.58,1.00
61.25,32.60,5.00,32.60,1.00
61.29,32.62,5.00,32.62,1.00
61.33,32.65,5.00,32.65,1.00
61.38,32.67,5.00,32.67,1.00
61.42,32.69,5.00,32.69,1.00
61.46,32.71,5.00,32.71,1.00
61.50,32.73,5.00,32.73,1.00
61.54,32.75,5.00,32.75,1.00
61.58,32.77,5.00,32.77,1.00
61.62,32.79,5.00,32.79,1.00
61.67,32.81,5.00,32.81,1.00
61.71,32.83,5.00,32.83,1.00
61.75,32.85,5.00,32.85,1.00
61.79,32.88,5.00,32.88,1.00
61.83,32.90,5.00,32.90,1.00
61.88,32.92,5.00,32.92,1.00
61.92,32.94,5.00,32.94,1.00
61.96,32.96,5.00,32.96,1.00
62.00,32.98,5.00,32.98,1.00
62.04,33.00,5.00,33.00,1.00
62.08,33.02,5.00,33.02,1.00
62.12,33.04,5.00,33.04,1.00
62.17,33.06,5.00,33.06,1.00
62.21,33.08,5.00,33.08,1.00
62.25,33.10,5.00,33.10,1.00
62.29,33.12,5.00,33.12,1.00
62.33,33.15,5.00,33.15,1.00
62.38,33.17,5.00,33.17,1.00
62.42,33.19,5.00,33.19,1.00
62.46,33.21,5.00,33.21,1.00
62.50,33.23,5.00,33.23,1.00
62.54,33.25,5.00,33.25,1.00
62.58,33.27,5.00,33.27,1.00
62.62,33.29,5.00,33.29,1.00
62.67,33.31,5.00,33.31,1.00
62.71,33.33,5.00,33.33,1.00
62.75,33.35,5.00,33.35,1.00
62.79,33.38,5.00,33.38,1.00
62.83,33.40,5.00,33.40,1.00
62.88,33.42,5.00,33.42,1.00
62.92,33.44,5.00,33.44,1.00
62.96,33.46,5.00,33.46,1.00
63.00,33.48,5.00,33.48,1.00
63.04,33.50,5.00,33.50,1.00
63.08,33.52,5.00,33.52,1.00
63.12,33.54,5.00,33.54,1.00
63.17,33.56,5.00,33.56,1.00
63.21,33.58,5.00,33.58,1.00
63.25,33.60,5.00,33.60,1.00
63.29,33.62,5.00,33.62,1.00
63.33,33.65,5.00,33.65,1.00
63.38,33.67,5.00,33.67,1.00
63.42,33.69,5.00,33.69,1.00
63.46,33.71,5.00,33.71,1.00
63.50,33.73,5.00,33.73,1.00
63.54,33.75,5.00,33.75,1.00
63.58,33.77,5.00,33.77,1.00
63.62,33.79,5.00,33.79,1.00
63.67,33.81,5.00,33.81,1.00
63.71,33.83,5.00,33.83,1.00
63.75,33.85,5.00,33.85,1.00
63.79,33.88,5.00,33.88,1.00
63.83,33.90,5.00,33.90,1.00
63.88,33.92,5.00,33.92,1.00
63.92,33.94,5.00,33.94,1.00
63.96,33.96,5.00,33.96,1.00
64.00,33.98,5.00,33.98,1.00
64.04,34.00,5.00,34.00,1.00
64.08,34.02,5.00,34.02,1.00
64.12,34.04,5.00,34.04,1.00
64.17,34.06,5.00,34.06,1.00
64.21,34.08,5.00,34.08,1.00
64.25,34.10,5.00,34.10,1.00
64.29,34.12,5.00,34.12,1.00
64.33,34.15,5.00,34.15,1.00
64.38,34.17,5.00,34.17,1.00
64.42,34.19,5.00,34.19,1.00
64.46,34.21,5.00,34.21,1.00
64.50,34.23,5.00,34.23,1.00
64.54,34.25,5.00,34.25,1.00
64.58,34.27,5.00,34.27,1.00
64.62,34.29,5.00,34.29,1.00
64.67,34.31,5.00,34.31,1.00
64.71,34.33,5.00,34.33,1.00
64.75,34.35,5.00,34.35,1.00
64.79,34.37,5.00,34.37,1.00
64.83,34.40,5.00,34.40,1.00
64.88,34.42,5.00,34.42,1.00
64.92,34.44,5.00,34.44,1.00
64.96,34.46,5.00,34.46,1.00
65.00,34.48,5.00,34.48,1.00
65.04,34.50,5.00,34.50,1.00
65.08,34.52,5.00,34.52,1.00
65.12,34.54,5.00,34.54,1.00
65.17,34.56,5.00,34.56,1.00
65.21,34.58,5.00,34.58,1.00
65.25,34.60,5.00,34.60,1.00
65.29,34.62,5.00,34.62,1.00
65.33,34.65,5.00,34.65,1.00
65.38,34.67,5.00,34.67,1.00
65.42,34.69,5.00,34.69,1.00
65.46,34.71,5.00,34.71,1.00
65.50,34.73,5.00,34.73,1.00
65.54,34.75,5.00,34.75,1.00
65.58,34.77,5.00,34.77,1.00
65.62,34.79,5.00,34.79,1.00
65.67,34.81,5.00,34.81,1.00
65.71,34.83,5.00,34.83,1.00
65.75,34.85,5.00,34.85,1.00
65.79,34.87,5.00,34.87,1.00
65.83,34.90,5.00,34.90,1.00
65.88,34.92,5.00,34.92,1.00
65.92,34.94,5.00,34.94,1.00
65.96,34.96,5.00,34.96,1.00
66.00,34.98,5.00,34.98,1.00
66.04,35.00,5.00,35.00,1.00
66.08,35.02,5.00,35.02,1.00
66.12,35.04,5.00,35.04,1.00
66.17,35.06,5.00,35.06,1.00
66.21,35.08,5.00,35.08,1.00
66.25,35.10,5.00,35.10,1.00
66.29,35.12,5.00,35.12,1.00
66.33,35.15,5.00,35.15,1.00
66.38,35.17,5.00,35.17,1.00
66.42,35.19,5.00,35.19,1.00
66.46,35.21,5.00,35.21,1.00
66.50,35.23,5.00,35.23,1.00
66.54,35.25,5.00,35.25,1.00
66.58,35.27,5.00,35.27,1.00
66.62,35.29,5.00,35.29,1.00
66.67,35.31,5.00,35.31,1.00
66.71,35.33,5.00,35.33,1.00
66.75,35.35,5.00,35.35,1.00
66.79,35.37,5.00,35.37,1.00
66.83,35.40,5.00,35.40,1.00
66.88,35.42,5.00,35.42,1.00
66.92,35.44,5.00,35.44,1.00
66.96,35.46,5.00,35.46,1.00
67.00,35.48,5.00,35.48,1.00
67.04,35.50,5.00,35.50,1.00
67.08,35.52,5.00,35.52,1.00
67.12,35.54,5.00,35.54,1.00
67.17,35.56,5.00,35.56,1.00
67.21,35.58,5.00,35.58,1.00
67.25,35.60,5.00,35.60,1.00
67.29,35.62,5.00,35.62,1.00
67.33,35.65,5.00,35.65,1.00
67.38,35.67,5.00,35.67,1.00
67.42,35.69,5.00,35.69,1.00
67.46,35.71,5.00,35.71,1.00
67.50,35.73,5.00,35.73,1.00
67.54,35.75,5.00,35.75,1.00
67.58,35.77,5.00,35.77,1.00
67.62,35.79,5.00,35.79,1.00
67.67,35.81,5.00,35.81,1.00
67.71,35.83,5.00,35.83,1.00
67.75,35.85,5.00,35.85,1.00
67.79,35.87,5.00,35.87,1.00
67.83,35.90,5.00,35.90,1.00
67.88,35.92,5.00,35.92,1.00
67.92,35.94,5.00,35.94,1.00
67.96,35.96,5.00,35.96,1.00
68.00,35.98,5.00,35.98,1.00
68.04,36.00,5.00,36.00,1.00
68.08,36.02,5.00,36.02,1.00
68.12,36.04,5.00,36.04,1.00
68.17,36.06,5.00,36.06,1.00
68.21,36.08,5.00,36.08,1.00
68.25,36.10,5.00,36.10,1.00
68.29,36.12,5.00,36.12,1.00
68.33,36.15,5.00,36.15,1.00
68.38,36.17,5.00,36.17,1.00
68.42,36.19,5.00,36.19,1.00
68.46,36.21,5.00,36.21,1.00
68.50,36.23,5.00,36.23,1.00
68.54,36.25,5.00,36.25,1.00
68.58,36.27,5.00,36.27,1.00
68.62,36.29,5.00,36.29,1.00
68.67,36.31,5.00,36.31,1.00
68.71,36.33,5.00,36.33,1.00
68.75,36.35,5.00,36.35,1.00
68.79,36.37,5.00,36.37,1.00
68.83,36.40,5.00,36.40,1.00
68.88,36.42,5.00,36.42,1.00
68.92,36.44,5.00,36.44,1.00
68.96,36.46,5.00,36.46,1.00
69.00,36.48,5.00,36.48,1.00
69.04,36.50,5.00,36.50,1.00
69.08,36.52,5.00,36.52,1.00
69.12,36.54,5.00,36.54,1.00
69.17,36.56,5.00,36.56,1.00
69.21,36.58,5.00,36.58,1.00
69.25,36.60,5.00,36.60,1.00
69.29,36.62,5.00,36.62,1.00
69.33,36.65,5.00,36.65,1.00
69.38,36.67,5.00,36.67,1.00
69.42,36.69,5.00,36.69,1.00
69.46,36.71,5.00,36.71,1.00
69.50,36.73,5.00,36.73,1.00
69.54,36.75,5.00,36.75,1.00
69.58,36.77,5.00,36.77,1.00
69.62,36.79,5.00,36.79,1.00
69.67,36.81,5.00,36.81,1.00
69.71,36.83,5.00,36.83,1.00
69.75,36.85,5.00,36.85,1.00
69.79,36.87,5.00,36.87,1.00
69.83,36.90,5.00,36.90,1.00
69.88,36.92,5.00,36.92,1.00
69.92,36.94,5.00,36.94,1.00
69.96,36.96,5.00,36.96,1.00
70.00,36.98,5.00,36.98,1.00
70.04,37.00,5.00,37.00,1.00
70.08,37.02,5.00,37.02,1.00
70.12,37.04,5.00,37.04,1.00
70.17,37.06,5.00,37.06,1.00
70.21,37.08,5.00,37.08,1.00
70.25,37.10,5.00,37.10,1.00
70.29,37.12,5.00,37.12,1.00
70.33,37.15,5.00,37.15,1.00
70.38,37.17,5.00,37.17,1.00
70.42,37.19,5.00,37.19,1.00
70.46,37.21,5.00,37.21,1.00
70.50,37.23,5.00,37.23,1.00
70.54,37.25,5.00,37.25,1.00
70.58,37.27,5.00,37.27,1.00
70.62,37.29,5.00,37.29,1.00
70.67,37.31,5.00,37.31,1.00
70.71,37.33,5.00,37.33,1.00
70.75,37.35,5.00,37.35,1.00
70.79,37.37,5.00,37.37,1.00
70.83,37.40,5.00,37.40,1.00
70.88,37.42,5.00,37.42,1.00
70.92,37.44,5.00,37.44,1.00
70.96,37.46,5.00,37.46,1.00
71.00,37.48,5.00,37.48,1.00
71.04,37.50,5.00,37.50,1.00
71.08,37.52,5.00,37.52,1.00
71.12,37.54,5.00,37.54,1.00
71.17,37.56,5.00,37.56,1.00
71.21,37.58,5.00,37.58,1.00
71.25,37.60,5.00,37.60,1.00
71.29,37.62,5.00,37.62,1.00
71.33,37.65,5.00,37.65,1.00
71.38,37.67,5.00,37.67,1.00
71.42,37.69,5.00,37.69,1.00
71.46,37.71,5.00,37.71,1.00
71.50,37.73,5.00,37.73,1.00
71.54,37.75,5.00,37.75,1.00
71.58,37.77,5.00,37.77,1.00
71.62,37.79,5.00,37.79,1.00
71.67,37.81,5.00,37.81,1.00
71.71,37.83,5.00,37.83,1.00
71.75,37.85,5.00,37.85,1.00
71.79,37.87,5.00,37.87,1.00
71.83,37.90,5.00,37.90,1.00
71.88,37.92,5.00,37.92,1.00
71.92,37.94,5.00,37.94,1.00
71.96,37.96,5.00,37.96,1.00
72.00,37.98,5.00,37.98,1.00
72.04,38.00,5.00,38.00,1.00
72.08,38.02,5.00,38.02,1.00
72.12,38.04,5.00,38.04,1.00
72.17,38.06,5.00,38.06,1.00
72.21,38.08,5.00,38.08,1.00
72.25,38.10,5.00,38.10,1.00
72.29,38.12,5.00,38.12,1.00
72.33,38.15,5.00,38.15,1.00
72.38,38.17,5.00,38.17,1.00
72.42,38.19,5.00,38.19,1.00
72.46,38.21,5.00,38.21,1.00
72.50,38.23,5.00,38.23,1.00
72.54,38.25,5.00,38.25,1.00
72.58,38.27,5.00,38.27,1.00
72.62,38.29,5.00,38.29,1.00
72.67,38.31,5.00,38.31,1.00
72.71,38.33,5.00,38.33,1.00
72.75,38.35,5.00,38.35,1.00
72.79,38.37,5.00,38.37,1.00
72.83,38.40,5.00,38.40,1.00
72.88,38.42,5.00,38.42,1.00
72.92,38.44,5.00,38.44,1.00
72.96,38.46,5.00,38.46,1.00
73.00,38.48,5.00,38.48,1.00
73.04,38.50,5.00,38.50,1.00
73.08,38.52,5.00,38.52,1.00
73.12,38.54,5.00,38.54,1.00
73.17,38.56,5.00,38.56,1.00
73.21,38.58,5.00,38.58,1.00
73.25,38.60,5.00,38.60,1.00
73.29,38.62,5.00,38.62,1.00
73.33,38.65,5.00,38.65,1.00
73.38,38.67,5.00,38.67,1.00
73.42,38.69,5.00,38.69,1.00
73.46,38.71,5.00,38.71,1.00
73.50,38.73,5.00,38.73,1.00
73.54,38.75,5.00,38.75,1.00
73.58,38.77,5.00,38.77,1.00
73.62,38.79,5.00,38.79,1.00
73.67,38.81,5.00,38.81,1.00
73.71,38.83,5.00,38.83,1.00
73.75,38.85,5.00,38.85,1.00
73.79,38.87,5.00,38.87,1.00
73.83,38.90,5.00,38.90,1.00
73.88,38.92,5.00,38.92,1.00
73.92,38.94,5.00,38.94,1.00
73.96,38.96,5.00,38.96,1.00
74.00,38.98,5.00,38.98,1.00
74.04,39.00,5.00,39.00,1.00
74.08,39.02,5.00,39.02,1.00
74.12,39.04,5.00,39.04,1.00
74.17,39.06,5.00,39.06,1.00
74.21,39.08,5.00,39.08,1.00
74.25,39.10,5.00,39.10,1.00
74.29,39.12,5.00,39.12,1.00
74.33,39.15,5.00,39.15,1.00
74.38,39.17,5.00,39.17,1.00
74.42,39.19,5.00,39.19,1.00
74.46,39.21,5.00,39.21,1.00
74.50,39.23,5.00,39.23,1.00
74.54,39.25,5.00,39.25,1.00
74.58,39.27,5.00,39.27,1.00
74.62,39.29,5.00,39.29,1.00
74.67,39.31,5.00,39.31,1.00
74.71,39.33,5.00,39.33,1.00
74.75,39.35,5.00,39.35,1.00
74.79,39.37,5.00,39.37,1.00
74.83,39.40,5.00,39.40,1.00
74.88,39.42,5.00,39.42,1.00
74.92,39.44,5.00,39.44,1.00
74.96,39.46,5.00,39.46,1.00
75.00,39.48,5.00,39.48,1.00
75.04,39.50,5.00,39.50,1.00
75.08,39.52,5.00,39.52,1.00
75.12,39.54,5.00,39.54,1.00
75.17,39.56,5.00,39.56,1.00
75.21,39.58,5.00,39.58,1.00
75.25,39.60,5.00,39.60,1.00
75.29,39.62,5.00,39.62,1.00
75.33,39.65,5.00,39.65,1.00
75.38,39.67,5.00,39.67,1.00
75.42,39.69,5.00,39.69,1.00
75.46,39.71,5.00,39.71,1.00
75.50,39.73,5.00,39.73,1.00
75.54,39.75,5.00,39.75,1.00
75.58,39.77,5.00,39.77,1.00
75.62,39.79,5.00,39.79,1.00
75.67,39.81,5.00,39.81,1.00
75.71,39.83,5.00,39.83,1.00
75.75,39.85,5.00,39.85,1.00
75.79,39.87,5.00,39.87,1.00
75.83,39.90,5.00,39.90,1.00
75.88,39.92,5.00,39.92,1.00
75.92,39.94,5.00,39.94,1.00
75.96,39.96,5.00,39.96,1.00
76.00,39.98,5.00,39.98,1.00
76.04,40.00,5.00,40.00,1.00
76.08,40.02,5.00,40.02,1.00
76.12,40.04,5.00,40.04,1.00
76.17,40.06,5.00,40.06,1.00
76.21,40.08,5.00,40.08,1.00
76.25,40.10,5.00,40.10,1.00
76.29,40.12,5.00,40.12,1.00
76.33,40.15,5.00,40.15,1.00
76.38,40.17,5.00,40.17,1.00
76.42,40.19,5.00,40.19,1.00
76.46,40.21,5.00,40.21,1.00
76.50,40.23,5.00,40.23,1.00
76.54,40.25,5.00,40.25,1.00
76.58,40.27,5.00,40.27,1.00
76.62,40.29,5.00,40.29,1.00
76.67,40.31,5.00,40.31,1.00
76.71,40.33,5.00,40.33,1.00
76.75,40.35,5.00,40.35,1.00
76.79,40.37,5.00,40.37,1.00
76.83,40.40,5.00,40.40,1.00
76.88,40.42,5.00,40.42,1.00
76.92,40.44,5.00,40.44,1.00
76.96,40.46,5.00,40.46,1.00
77.00,40.48,5.00,40.48,1.00
77.04,40.50,5.00,40.50,1.00
77.08,40.52,5.00,40.52,1.00
77.12,40.54,5.00,40.54,1.00
77.17,40.56,5.00,40.56,1.00
77.21,40.58,5.00,40.58,1.00
77.25,40.60,5.00,40.60,1.00
77.29,40.62,5.00,40.62,1.00
77.33,40.65,5.00,40.65,1.00
77.38,40.67,5.00,40.67,1.00
77.42,40.69,5.00,40.69,1.00
77.46,40.71,5.00,40.71,1.00
77.50,40.73,5.00,40.73,1.00
77.54,40.75,5.00,40.75,1.00
77.58,40.77,5.00,40.77,1.00
77.62,40.79,5.00,40.79,1.00
77.67,40.81,5.00,40.81,1.00
77.71,40.83,5.00,40.83,1.00
77.75,40.85,5.00,40.85,1.00
77.79,40.87,5.00,40.87,1.00
77.83,40.90,5.00,40.90,1.00
77.88,40.92,5.00,40.92,1.00
77.92,40.94,5.00,40.94,1.00
77.96,40.96,5.00,40.96,1.00
78.00,40.98,5.00,40.98,1.00
78.04,41.00,5.00,41.00,1.00
78.08,41.02,5.00,41.02,1.00
78.12,41.04,5.00,41.04,1.00
78.17,41.06,5.00,41.06,1.00
78.21,41.08,5.00,41.08,1.00
78.25,41.10,5.00,41.10,1.00
78.29,41.12,5.00,41.12,1.00
78.33,41.15,5.00,41.15,1.00
78.38,41.17,5.00,41.17,1.00
78.42,41.19,5.00,41.19,1.00
78.46,41.21,5.00,41.21,1.00
78.50,41.23,5.00,41.23,1.00
78.54,41.25,5.00,41.25,1.00
78.58,41.27,5.00,41.27,1.00
78.62,41.29,5.00,41.29,1.00
78.67,41.31,5.00,41.31,1.00
78.71,41.33,5.00,41.33,1.00
78.75,41.35,5.00,41.35,1.00
78.79,41.37,5.00,41.37,1.00
78.83,41.40,5.00,41.40,1.00
78.88,41.42,5.00,41.42,1.00
78.92,41.44,5.00,41.44,1.00
78.96,41.46,5.00,41.46,1.00
79.00,41.48,5.00,41.48,1.00
79.04,41.50,5.00,41.50,1.00
79.08,41.52,5.00,41.52,1.00
79.12,41.54,5.00,41.54,1.00
79.17,41.56,5.00,41.56,1.00
79.21,41.58,5.00,41.58,1.00
79.25,41.60,5.00,41.60,1.00
79.29,41.62,5.00,41.62,1.00
79.33,41.65,5.00,41.65,1.00
79.38,41.67,5.00,41.67,1.00
79.42,41.69,5.00,41.69,1.00
79.46,41.71,5.00,41.71,1.00
79.50,41.73,5.00,41.73,1.00
79.54,41.75,5.00,41.75,1.00
79.58,41.77,5.00,41.77,1.00
79.62,41.79,5.00,41.79,1.00
79.67,41.81,5.00,41.81,1.00
79.71,41.83,5.00,41.83,1.00
79.75,41.85,5.00,41.85,1.00
79.79,41.87,5.00,41.87,1.00
79.83,41.90,5.00,41.90,1.00
79.88,41.92,5.00,41.92,1.00
79.92,41.94,5.00,41.94,1.00
79.96,41.96,5.00,41.96,1.00
80.00,41.98,5.00,41.98,1.00
80.04,42.00,5.00,42.00,1.00
80.08,42.02,5.00,42.02,1.00
80.12,42.04,5.00,42.04,1.00
80.17,42.06,5.00,42.06,1.00
80.21,42.08,5.00,42.08,1.00
80.25,42.10,5.00,42.10,1.00
80.29,42.12,5.00,42.12,1.00
80.33,42.15,5.00,42.15,1.00
80.38,42.17,5.00,42.17,1.00
80.42,42.19,5.00,42.19,1.00
80.46,42.21,5.00,42.21,1.00
80.50,42.23,5.00,42.23,1.00
80.54,42.25,5.00,42.25,1.00
80.58,42.27,5.00,42.27,1.00
80.62,42.29,5.00,42.29,1.00
80.67,42.31,5.00,42.31,1.00
80.71,42.33,5.00,42.33,1.00
80.75,42.35,5.00,42.35,1.00
80.79,42.37,5.00,42.37,1.00
80.83,42.40,5.00,42.40,1.00
80.88,42.42,5.00,42.42,1.00
80.92,42.44,5.00,42.44,1.00
80.96,42.46,5.00,42.46,1.00
81.00,42.48,5.00,42.48,1.00
81.04,42.50,5.00,42.50,1.00
81.08,42.52,5.00,42.52,1.00
81.12,42.54,5.00,42.54,1.00
81.17,42.56,5.00,42.56,1.00
81.21,42.58,5.00,42.58,1.00
81.25,42.60,5.00,42.60,1.00
81.29,42.62,5.00,42.62,1.00
81.33,42.65,5.00,42.65,1.00
81.38,42.67,5.00,42.67,1.00
81.42,42.69,5.00,42.69,1.00
81.46,42.71,5.00,42.71,1.00
81.50,42.73,5.00,42.73,1.00
81.54,42.75,5.00,42.75,1.00
81.58,42.77,5.00,42.77,1.00
81.62,42.79,5.00,42.79,1.00
81.67,42.81,5.00,42.81,1.00
81.71,42.83,5.00,42.83,1.00
81.75,42.85,5.00,42.85,1.00
81.79,42.87,5.00,42.87,1.00
81.83,42.90,5.00,42.90,1.00
81.88,42.92,5.00,42.92,1.00
81.92,42.94,5.00,42.94,1.00
81.96,42.96,5.00,42.96,1.00
82.00,42.98,5.00,42.98,1.00
82.04,43.00,5.00,43.00,1.00
82.08,43.02,5.00,43.02,1.00
82.12,43.04,5.00,43.04,1.00
82.17,43.06,5.00,43.06,1.00
82.21,43.08,5.00,43.08,1.00
82.25,43.10,5.00,43.10,1.00
82.29,43.12,5.00,43.12,1.00
82.33,43.15,5.00,43.15,1.00
82.38,43.17,5.00,43.17,1.00
82.42,43.19,5.00,43.19,1.00
82.46,43.21,5.00,43.21,1.00
82.50,43.23,5.00,43.23,1.00
82.54,43.25,5.00,43.25,1.00
82.58,43.27,5.00,43.27,1.00
82.62,43.29,5.00,43.29,1.00
82.67,43.31,5.00,43.31,1.00
82.71,43.33,5.00,43.33,1.00
82.75,43.35,5.00,43.35,1.00
82.79,43.37,5.00,43.37,1.00
82.83,43.40,5.00,43.40,1.00
82.88,43.42,5.00,43.42,1.00
82.92,43.44,5.00,43.44,1.00
82.96,43.46,5.00,43.46,1.00
83.00,43.48,5.00,43.48,1.00
83.04,43.50,5.00,43.50,1.00
83.08,43.52,5.00,43.52,1.00
83.12,43.54,5.00,43.54,1.00
83.17,43.56,5.00,43.56,1.00
83.21,43.58,5.00,43.58,1.00
83.25,43.60,5.00,43.60,1.00
83.29,43.62,5.00,43.62,1.00
83.33,43.65,5.00,43.65,1.00
83.38,43.67,5.00,43.67,1.00
83.42,43.69,5.00,43.69,1.00
83.46,43.71,5.00,43.71,1.00
83.50,43.73,5.00,43.73,1.00
83.54,43.75,5.00,43.75,1.00
83.58,43.77,5.00,43.77,1.00
83.62,43.79,5.00,43.79,1.00
83.67,43.81,5.00,43.81,1.00
83.71,43.83,5.00,43.83,1.00
83.75,43.85,5.00,43.85,1.00
83.79,43.87,5.00,43.87,1.00
83.83,43.90,5.00,43.90,1.00
83.88,43.92,5.00,43.92,1.00
83.92,43.94,5.00,43.94,1.00
83.96,43.96,5.00,43.96,1.00
84.00,43.98,5.00,43.98,1.00
84.04,44.00,5.00,44.00,1.00
84.08,44.02,5.00,44.02,1.00
84.12,44.04,5.00,44.04,1.00
84.17,44.06,5.00,44.06,1.00
84.21,44.08,5.00,44.08,1.00
84.25,44.10,5.00,44.10,1.00
84.29,44.12,5.00,44.12,1.00
84.33,44.15,5.00,44.15,1.00
84.38,44.17,5.00,44.17,1.00
84.42,44.19,5.00,44.19,1.00
84.46,44.21,5.00,44.21,1.00
84.50,44.23,5.00,44.23,1.00
84.54,44.25,5.00,44.25,1.00
84.58,44.27,5.00,44.27,1.00
84.62,44.29,5.00,44.29,1.00
84.67,44.31,5.00,44.31,1.00
84.71,44.33,5.00,44.33,1.00
84.75,44.35,5.00,44.35,1.00
84.79,44.37,5.00,44.37,1.00
84.83,44.40,5.00,44.40,1.00
84.88,44.42,5.00,44.42,1.00
84.92,44.44,5.00,44.44,1.00
84.96,44.46,5.00,44.46,1.00
85.00,44.48,5.00,44.48,1.00
85.04,44.50,5.00,44.50,1.00
85.08,44.52,5.00,44.52,1.00
85.12,44.54,5.00,44.54,1.00
85.17,44.56,5.00,44.56,1.00
85.21,44.58,5.00,44.58,1.00
85.25,44.60,5.00,44.60,1.00
85.29,44.62,5.00,44.62,1.00
85.33,44.65,5.00,44.65,1.00
85.38,44.67,5.00,44.67,1.00
85.42,44.69,5.00,44.69,1.00
85.46,44.71,5.00,44.71,1.00
85.50,44.73,5.00,44.73,1.00
85.54,44.75,5.00,44.75,1.00
85.58,44.77,5.00,44.77,1.00
85.62,44.79,5.00,44.79,1.00
85.67,44.81,5.00,44.81,1.00
85.71,44.83,5.00,44.83,1.00
85.75,44.85,5.00,44.85,1.00
85.79,44.87,5.00,44.87,1.00
85.83,44.90,5.00,44.90,1.00
85.88,44.92,5.00,44.92,1.00
85.92,44.94,5.00,44.94,1.00
85.96,44.96,5.00,44.96,1.00
86.00,44.98,5.00,44.98,1.00
86.04,45.00,5.00,45.00,1.00
86.08,45.02,5.00,45.02,1.00
86.12,45.04,5.00,45.04,1.00
86.17,45.06,5.00,45.06,1.00
86.21,45.08,5.00,45.08,1.00
86.25,45.10,5.00,45.10,1.00
86.29,45.12,5.00,45.12,1.00
86.33,45.15,5.00,45.15,1.00
86.38,45.17,5.00,45.17,1.00
86.42,45.19,5.00,45.19,1.00
86.46,45.21,5.00,45.21,1.00
86.50,45.23,5.00,45.23,1.00
86.54,45.25,5.00,45.25,1.00
86.58,45.27,5.00,45.27,1.00
86.62,45.29,5.00,45.29,1.00
86.67,45.31,5.00,45.31,1.00
86.71,45.33,5.00,45.33,1.00
86.75,45.35,5.00,45.35,1.00
86.79,45.37,5.00,45.37,1.00
86.83,45.40,5.00,45.40,1.00
86.88,45.42,5.00,45.42,1.00
86.92,45.44,5.00,45.44,1.00
86.96,45.46,5.00,45.46,1.00
87.00,45.48,5.00,45.48,1.00
87.04,45.50,5.00,45.50,1.00
87.08,45.52,5.00,45.52,1.00
87.12,45.54,5.00,45.54,1.00
87.17,45.56,5.00,45.56,1.00
87.21,45.58,5.00,45.58,1.00
87.25,45.60,5.00,45.60,1.00
87.29,45.62,5.00,45.62,1.00
87.33,45.65,5.00,45.65,1.00
87.38,45.67,5.00,45.67,1.00
87.42,45.69,5.00,45.69,1.00
87.46,45.71,5.00,45.71,1.00
87.50,45.73,5.00,45.73,1.00
87.54,45.75,5.00,45.75,1.00
87.58,45.77,5.00,45.77,1.00
87.62,45.79,5.00,45.79,1.00
87.67,45.81,5.00,45.81,1.00
87.71,45.83,5.00,45.83,1.00
87.75,45.85,5.00,45.85,1.00
87.79,45.87,5.00,45.87,1.00
87.83,45.90,5.00,45.90,1.00
87.88,45.92,5.00,45.92,1.00
87.92,45.94,5.00,45.94,1.00
87.96,45.96,5.00,45.96,1.00
88.00,45.98,5.00,45.98,1.00
88.04,46.00,5.00,46.00,1.00
88.08,46.02,5.00,46.02,1.00
88.12,46.04,5.00,46.04,1.00
88.17,46.06,5.00,46.06,1.00
88.21,46.08,5.00,46.08,1.00
88.25,46.10,5.00,46.10,1.00
88.29,46.12,5.00,46.12,1.00
88.33,46.15,5.00,46.15,1.00
88.38,46.17,5.00,46.17,1.00
88.42,46.19,5.00,46.19,1.00
88.46,46.21,5.00,46.21,1.00
88.50,46.23,5.00,46.23,1.00
88.54,46.25,5.00,46.25,1.00
88.58,46.27,5.00,46.27,1.00
88.62,46.29,5.00,46.29,1.00
88.67,46.31,5.00,46.31,1.00
88.71,46.33,5.00,46.33,1.00
88.75,46.35,5.00,46.35,1.00
88.79,46.37,5.00,46.37,1.00
88.83,46.40,5.00,46.40,1.00
88.88,46.42,5.00,46.42,1.00
88.92,46.44,5.00,46.44,1.00
88.96,46.46,5.00,46.46,1.00
89.00,46.48,5.00,46.48,1.00
89.04,46.50,5.00,46.50,1.00
89.08,46.52,5.00,46.52,1.00
89.12,46.54,5.00,46.54,1.00
89.17,46.56,5.00,46.56,1.00
89.21,46.58,5.00,46.58,1.00
89.25,46.60,5.00,46.60,1.00
89.29,46.62,5.00,46.62,1.00
89.33,46.65,5.00,46.65,1.00
89.38,46.67,5.00,46.67,1.00
89.42,46.69,5.00,46.69,1.00
89.46,46.71,5.00,46.71,1.00
89.50,46.73,5.00,46.73,1.00
89.54,46.75,5.00,46.75,1.00
89.58,46.77,5.00,46.77,1.00
89.62,46.79,5.00,46.79,1.00
89.67,46.81,5.00,46.81,1.00
89.71,46.83,5.00,46.83,1.00
89.75,46.85,5.00,46.85,1.00
89.79,46.87,5.00,46.87,1.00
89.83,46.90,5.00,46.90,1.00
89.88,46.92,5.00,46.92,1.00
89.92,46.94,5.00,46.94,1.00
89.96,46.96,5.00,46.96,1.00
90.00,46.98,5.00,46.98,1.00
90.04,47.00,5.00,47.00,1.00
90.08,47.02,5.00,47.02,1.00
90.12,47.04,5.00,47.04,1.00
90.17,47.06,5.00,47.06,1.00
90.21,47.08,5.00,47.08,1.00
90.25,47.10,5.00,47.10,1.00
90.29,47.12,5.00,47.12,1.00
90.33,47.15,5.00,47.15,1.00
90.38,47.17,5.00,47.17,1.00
90.42,47.19,5.00,47.19,1.00
90.46,47.21,5.00,47.21,1.00
90.50,47.23,5.00,47.23,1.00
90.54,47.25,5.00,47.25,1.00
90.58,47.27,5.00,47.27,1.00
90.62,47.29,5.00,47.29,1.00
90.67,47.31,5.00,47.31,1.00
90.71,47.33,5.00,47.33,1.00
90.75,47.35,5.00,47.35,1.00
90.79,47.37,5.00,47.37,1.00
90.83,47.40,5.00,47.40,1.00
90.88,47.42,5.00,47.42,1.00
90.92,47.44,5.00,47.44,1.00
90.96,47.46,5.00,47.46,1.00
91.00,47.48,5.00,47.48,1.00
91.04,47.50,5.00,47.50,1.00
91.08,47.52,5.00,47.52,1.00
91.12,47.54,5.00,47.54,1.00
91.17,47.56,5.00,47.56,1.00
91.21,47.58,5.00,47.58,1.00
91.25,47.60,5.00,47.60,1.00
91.29,47.62,5.00,47.62,1.00
91.33,47.65,5.00,47.65,1.00
91.38,47.67,5.00,47.67,1.00
91.42,47.69,5.00,47.69,1.00
91.46,47.71,5.00,47.71,1.00
91.50,47.73,5.00,47.73,1.00
91.54,47.75,5.00,47.75,1.00
91.58,47.77,5.00,47.77,1.00
91.62,47.79,5.00,47.79,1.00
91.67,47.81,5.00,47.81,1.00
91.71,47.83,5.00,47.83,1.00
91.75,47.85,5.00,47.85,1.00
91.79,47.87,5.00,47.87,1.00
91.83,47.90,5.00,47.90,1.00
91.88,47.92,5.00,47.92,1.00
91.92,47.94,5.00,47.94,1.00
91.96,47.96,5.00,47.96,1.00
92.00,47.98,5.00,47.98,1.00
92.04,48.00,5.00,48.00,1.00
92.08,48.02,5.00,48.02,1.00
92.12,48.04,5.00,48.04,1.00
92.17,48.06,5.00,48.06,1.00
92.21,48.08,5.00,48.08,1.00
92.25,48.10,5.00,48.10,1.00
92.29,48.12,5.00,48.12,1.00
92.33,48.15,5.00,48.15,1.00
92.38,48.17,5.00,48.17,1.00
92.42,48.19,5.00,48.19,1.00
92.46,48.21,5.00,48.21,1.00
92.50,48.23,5.00,48.23,1.00
92.54,48.25,5.00,48.25,1.00
92.58,48.27,5.00,48.27,1.00
92.62,48.29,5.00,48.29,1.00
92.67,48.31,5.00,48.31,1.00
92.71,48.33,5.00,48.33,1.00
92.75,48.35,5.00,48.35,1.00
92.79,48.37,5.00,48.37,1.00
92.83,48.40,5.00,48.40,1.00
92.88,48.42,5.00,48.42,1.00
92.92,48.44,5.00,48.44,1.00
92.96,48.46,5.00,48.46,1.00
93.00,48.48,5.00,48.48,1.00
93.04,48.50,5.00,48.50,1.00
93.08,48.52,5.00,48.52,1.00
93.12,48.54,5.00,48.54,1.00
93.17,48.56,5.00,48.56,1.00
93.21,48.58,5.00,48.58,1.00
93.25,48.60,5.00,48.60,1.00
93.29,48.62,5.00,48.62,1.00
93.33,48.65,5.00,48.65,1.00
93.38,48.67,5.00,48.67,1.00
93.42,48.69,5.00,48.69,1.00
93.46,48.71,5.00,48.71,1.00
93.50,48.73,5.00,48.73,1.00
93.54,48.75,5.00,48.75,1.00
93.58,48.77,5.00,48.77,1.00
93.62,48.79,5.00,48.79,1.00
93.67,48.81,5.00,48.81,1.00
93.71,48.83,5.00,48.83,1.00
93.75,48.85,5.00,48.85,1.00
93.79,48.87,5.00,48.87,1.00
93.83,48.90,5.00,48.90,1.00
93.88,48.92,5.00,48.92,1.00
93.92,48.94,5.00,48.94,1.00
93.96,48.96,5.00,48.96,1.00
94.00,48.98,5.00,48.98,1.00
94.04,49.00,5.00,49.00,1.00
94.08,49.02,5.00,49.02,1.00
94.12,49.04,5.00,49.04,1.00
94.17,49.06,5.00,49.06,1.00
94.21,49.08,5.00,49.08,1.00
94.25,49.10,5.00,49.10,1.00
94.29,49.12,5.00,49.12,1.00
94.33,49.15,5.00,49.15,1.00
94.38,49.17,5.00,49.17,1.00
94.42,49.19,5.00,49.19,1.00
94.46,49.21,5.00,49.21,1.00
94.50,49.23,5.00,49.23,1.00
94.54,49.25,5.00,49.25,1.00
94.58,49.27,5.00,49.27,1.00
94.62,49.29,5.00,49.29,1.00
94.67,49.31,5.00,49.31,1.00
94.71,49.33,5.00,49.33,1.00
94.75,49.35,5.00,49.35,1.00
94.79,49.37,5.00,49.37,1.00
94.83,49.40,5.00,49.40,1.00
94.88,49.42,5.00,49.42,1.00
94.92,49.44,5.00,49.44,1.00
94.96,49.46,5.00,49.46,1.00
95.00,49.48,5.00,49.48,1.00
95.04,49.50,5.00,49.50,1.00
95.08,49.52,5.00,49.52,1.00
95.12,49.54,5.00,49.54,1.00
95.17,49.56,5.00,49.56,1.00
95.21,49.58,5.00,49.58,1.00
95.25,49.60,5.00,49.60,1.00
95.29,49.62,5.00,49.62,1.00
95.33,49.65,5.00,49.65,1.00
95.38,49.67,5.00,49.67,1.00
95.42,49.69,5.00,49.69,1.00
95.46,49.71,5.00,49.71,1.00
95.50,49.73,5.00,49.73,1.00
95.54,49.75,5.00,49.75,1.00
95.58,49.77,5.00,49.77,1.00
95.62,49.79,5.00,49.79,1.00
95.67,49.81,5.00,49.81,1.00
95.71,49.83,5.00,49.83,1.00
95.75,49.85,5.00,49.85,1.00
95.79,49.87,5.00,49.87,1.00
95.83,49.90,5.00,49.90,1.00
95.88,49.92,5.00,49.92,1.00
95.92,49.94,5.00,49.94,1.00
95.96,49.96,5.00,49.96,1.00
96.00,49.98,5.00,49.98,1.00
96.04,50.00,5.00,50.00,1.00
96.08,50.02,5.00,50.02,1.00
96.12,50.04,5.00,50.04,1.00
96.17,50.06,5.00,50.06,1.00
96.21,50.08,5.00,50.08,1.00
96.25,50.10,5.00,50.10,1.00
96.29,50.12,5.00,50.12,1.00
96.33,50.15,5.00,50.15,1.00
96.38,50.17,5.00,50.17,1.00
96.42,50.19,5.00,50.19,1.00
96.46,50.21,5.00,50.21,1.00
96.50,50.23,5.00,50.23,1.00
96.54,50.25,5.00,50.25,1.00
96.58,50.27,5.00,50.27,1.00
96.62,50.29,5.00,50.29,1.00
96.67,50.31,5.00,50.31,1.00
96.71,50.33,5.00,50.33,1.00
96.75,50.35,5.00,50.35,1.00
96.79,50.37,5.00,50.37,1.00
96.83,50.40,5.00,50.40,1.00
96.88,50.42,5.00,50.42,1.00
96.92,50.44,5.00,50.44,1.00
96.96,50.46,5.00,50.46,1.00
97.00,50.48,5.00,50.48,1.00
97.04,50.50,5.00,50.50,1.00
97.08,50.52,5.00,50.52,1.00
97.12,50.54,5.00,50.54,1.00
97.17,50.56,5.00,50.56,1.00
97.21,50.58,5.00,50.58,1.00
97.25,50.60,5.00,50.60,1.00
97.29,50.62,5.00,50.62,1.00
97.33,50.65,5.00,50.65,1.00
97.38,50.67,5.00,50.67,1.00
97.42,50.69,5.00,50.69,1.00
97.46,50.71,5.00,50.71,1.00
97.50,50.73,5.00,50.73,1.00
97.54,50.75,5.00,50.75,1.00
97.58,50.77,5.00,50.77,1.00
97.62,50.79,5.00,50.79,1.00
97.67,50.81,5.00,50.81,1.00
97.71,50.83,5.00,50.83,1.00
97.75,50.85,5.00,50.85,1.00
97.79,50.87,5.00,50.87,1.00
97.83,50.90,5.00,50.90,1.00
97.88,50.92,5.00,50.92,1.00
97.92,50.94,5.00,50.94,1.00
97.96,50.96,5.00,50.96,1.00
98.00,50.98,5.00,50.98,1.00
98.04,51.00,5.00,51.00,1.00
98.08,51.02,5.00,51.02,1.00
98.12,51.04,5.00,51.04,1.00
98.17,51.06,5.00,51.06,1.00
98.21,51.08,5.00,51.08,1.00
98.25,51.10,5.00,51.10,1.00
98.29,51.12,5.00,51.12,1.00
98.33,51.15,5.00,51.15,1.00
98.38,51.17,5.00,51.17,1.00
98.42,51.19,5.00,51.19,1.00
98.46,51.21,5.00,51.21,1.00
98.50,51.23,5.00,51.23,1.00
98.54,51.25,5.00,51.25,1.00
98.58,51.27,5.00,51.27,1.00
98.62,51.29,5.00,51.29,1.00
98.67,51.31,5.00,51.31,1.00
98.71,51.33,5.00,51.33,1.00
98.75,51.35,5.00,51.35,1.00
98.79,51.37,5.00,51.37,1.00
98.83,51.40,5.00,51.40,1.00
98.88,51.42,5.00,51.42,1.00
98.92,51.44,5.00,51.44,1.00
98.96,51.46,5.00,51.46,1.00
99.00,51.48,5.00,51.48,1.00
99.04,51.50,5.00,51.50,1.00
99.08,51.52,5.00,51.52,1.00
99.12,51.54,5.00,51.54,1.00
99.17,51.56,5.00,51.56,1.00
99.21,51.58,5.00,51.58,1.00
99.25,51.60,5.00,51.60,1.00
99.29,51.62,5.00,51.62,1.00
99.33,51.65,5.00,51.65,1.00
99.38,51.67,5.00,51.67,1.00
99.42,51.69,5.00,51.69,1.00
99.46,51.71,5.00,51.71,1.00
99.50,51.73,5.00,51.73,1.00
99.54,51.75,5.00,51.75,1.00
99.58,51.77,5.00,51.77,1.00
99.62,51.79,5.00,51.79,1.00
99.67,51.81,5.00,51.81,1.00
99.71,51.83,5.00,51.83,1.00
99.75,51.85,5.00,51.85,1.00
99.79,51.87,5.00,51.87,1.00
99.83,51.90,5.00,51.90,1.00
99.88,51.92,5.00,51.92,1.00
99.92,51.94,5.00,51.94,1.00
99.96,51.96,5.00,51.96,1.00
100.00,51.98,5.00,51.98,1.00
